	cluster	IFNA1	IFNA10	IFNA13	IFNA14	IFNA16	IFNA17	IFNA21	IFNA4	IFNA5	IFNA6	IFNA7	IFNA8	IFNAR1	IFNAR2	IFNB1	IFNE	IFNG	IFNGR1	IFNGR2	IFNK	IFNW1
C1	cluster1	0	0	0	0	0	0	0	0	0	0	1	0	12.15	11.59	1	1	5.17	13.73	13.81	1	0
C10	cluster1	0	0	0	0	0	0	0	0	0	0	0	0	12.18	11.2	0	0	4	13.88	13.34	0	0
C100	cluster1	0	0	1	0	0	0	0	0	0	0	0	0	12.24	11.71	1	1.58	6.11	13.73	13.98	0	0
C101	cluster1	0	0	0	0	0	0	1	0	0	0	0	0	11.74	11.77	1	1.58	5.13	13.39	13.14	0	0
C11	cluster1	0	0	0	0	0	0	0	0	1	0	0	0	11.85	11.63	0	1	6.46	12.85	12.49	0	1
C13	cluster1	0	0	0	0	0	0	0	0	0	0	0	0	12.5	12.05	0	1	6.36	13.68	13.56	0	0
C16	cluster1	0	0	0	0	0	0	0	0	0	0	0	0	12.26	11.79	0	0	6.21	13.78	13.3	1.58	0
C17	cluster1	0	0	0	0	0	0	1	0	0	0	0	0	12.32	11.6	0	0	6.48	13.24	13.01	0	0
C18	cluster1	0	0	0	0	0	0	0	0	0	0	0	0	12.09	11.5	0	0	5.39	13.6	13.58	0	0
C19	cluster1	0	1	0	0	0	0	0	0	1	0	0	0	12.29	11.97	0	0	6.46	14.12	13.71	1	0
C25	cluster1	0	0	0	0	0	0	0	0	0	0	0	0	12.29	11.93	0	0	5.91	13.38	13.31	0	0
C30	cluster1	0	0	0	0	0	0	0	0	0	0	0	0	12.23	11.69	0	1.58	4.25	14.42	13.23	0	0
C33	cluster1	0	0	0	0	0	0	0	0	1	0	0	0	11.99	11.43	0	0	4.32	13.27	13.5	0	0
C34	cluster1	0	0	0	0	0	0	0	0	0	0	0	0	12.3	11.44	0	0	4.86	13.25	13.24	0	1
C35	cluster1	0	0	0	0	0	0	0	0	0	0	0	0	13.38	12.61	0	0	5.83	14.6	14.24	1.58	0
C4	cluster1	0	0	0	0	0	0	0	0	0	0	0	0	11.91	11.45	0	0	6.29	13.3	13.17	0	1.58
C51	cluster1	0	0	0	0	0	0	0	0	0	0	0	0	12.34	11.96	0	1	6.49	14.11	14.13	0	2
C53	cluster1	0	0	0	0	0	0	0	0	0	0	0	0	12.84	11.62	1	1	6.89	13.4	13.46	0	0
C57	cluster1	0	0	0	0	0	0	0	0	0	0	0	0	11.83	11.53	0	1	5.13	13.34	12.9	0	0
C59	cluster1	0	0	0	0	0	0	0	0	0	0	0	0	12.44	11.91	0	0	4.39	13.37	13.01	1	1
C6	cluster1	0	0	0	0	0	0	0	0	0	0	0	0	12.02	11.55	1	0	6.67	13.23	13.1	0	0
C60	cluster1	0	0	0	0	0	0	0	0	1.58	0	0	0	11.34	11.17	0	0	6.57	12.68	12.54	0	1
C61	cluster1	0	0	0	1	0	0	0	0	1	0	0	0	12.26	11.86	1	1	6.78	13.72	13.65	0	0
C62	cluster1	0	0	0	0	0	0	1.58	0	1	0	0	2	11.82	11.46	0	0	5.09	13.51	13.23	0	1
C63	cluster1	0	0	0	0	0	0	0	0	1	0	0	0	12.55	11.83	0	0	5.17	13.96	13.97	0	0
C65	cluster1	0	0	0	0	0	0	0	0	0	0	0	0	13.07	11.92	1	1	6.04	14.21	14.07	0	0
C66	cluster1	0	0	0	0	0	0	0	0	0	0	0	0	11.24	10.84	0	0	5	12.8	13.37	0	0
C67	cluster1	0	0	0	0	0	0	0	0	0	0	0	0	11.29	11.35	0	0	5.61	13.15	13.28	0	0
C69	cluster1	0	0	0	0	0	0	1	0	0	0	0	0	12.05	11.58	1	0	6.6	13.12	12.95	0	0
C7	cluster1	0	0	0	0	0	0	1.58	0	0	0	0	0	12.14	11.93	1.58	1	6.46	13.04	13.06	1	0
C70	cluster1	0	0	0	0	0	0	1	0	1	0	0	0	12.26	11.62	0	0	7.48	13.46	13.69	0	0
C72	cluster1	0	0	0	0	0	0	0	0	1	0	0	0	11.2	10.75	0	1	7.38	12.44	12.8	0	0
C73	cluster1	0	0	0	0	0	0	0	0	0	0	0	0	12.16	11.76	0	0	5.49	13.41	13.15	1	0
C74	cluster1	0	0	1	0	0	0	0	0	0	0	0	0	12.05	11.67	1	0	2.81	13.24	13.42	1	0
C79	cluster1	0	0	0	0	0	0	0	0	0	0	0	0	12.29	11.76	1	0	6.36	14.51	13.6	0	0
C82	cluster1	0	1	0	0	0	0	0	0	0	0	0	0	11.98	11.64	1	1	6.02	13.42	13.2	0	1
C83	cluster1	0	0	0	0	0	0	0	0	0	0	0	0	11.78	11.26	1.58	0	7.35	12.94	13.27	0	0
C84	cluster1	0	0	0	0	0	0	0	0	1	0	0	0	11.88	11.49	1.58	0	5.81	13.75	13.73	0	1
C86	cluster1	0	0	0	0	0	0	0	0	0	0	0	0	11.63	11.37	0	0	6.38	13.14	13.45	0	0
C87	cluster1	0	0	0	0	0	0	0	0	1	0	0	0	11.7	11.28	0	1	5.93	13.2	13.04	1	0
C9	cluster1	0	0	0	0	0	0	0	0	0	0	0	0	12.13	11.56	1	0	2.58	13.8	13.14	0	0
C90	cluster1	0	0	0	0	0	0	0	0	0	0	0	0	12.32	11.53	0	0	6.92	13.8	13.3	0	0
C91	cluster1	0	0	0	0	0	0	0	0	0	0	0	0	11.72	11.68	0	1	6.57	12.9	13.14	0	0
C93	cluster1	0	0	0	0	0	0	0	0	0	0	0	0	12.18	11.61	1	0	7.75	13.67	13.35	0	0
C94	cluster1	0	0	0	0	0	0	0	0	0	0	0	0	11.14	10.82	2.32	0	6.66	12.44	12.74	0	0
C95	cluster1	0	0	0	0	0	0	0	0	0	0	0	0	12.19	11.58	0	0	5.04	13.81	13.52	0	0
C98	cluster1	0	0	0	0	0	0	0	0	0	0	0	0	11.08	10.47	0	0	4.91	13.45	13.17	0	0
C102	cluster2	0	0	0	0	0	0	0	0	0	0	0	0	13.24	12.08	2	1	6.89	14.88	14.02	0	0
C103	cluster2	0	0	0	0	0	0	0	0	0	0	0	1	12.52	11.31	1	0	4.09	14.61	14.59	0	0
C12	cluster2	0	0	0	0	0	0	0	0	0	0	0	0	12.51	11.46	0	0	3.7	14.35	13.63	1.58	0
C14	cluster2	0	0	0	0	0	0	0	0	0	0	0	0	12.88	11.59	0	0	3.91	14.68	13.61	2.58	0
C15	cluster2	0	0	0	0	0	0	0	0	0	0	0	0	12.55	11.37	0	1.58	3	14.16	13.37	1.58	0
C2	cluster2	0	0	0	0	0	0	0	1	0	0	0	0	11.33	11.05	0	0	4.17	13.03	12.86	0	1
C20	cluster2	0	0	0	0	0	0	0	1	0	0	0	0	12.12	11.79	0	0	4.81	14.5	13.93	2.32	0
C21	cluster2	0	0	0	0	0	0	0	0	0	0	0	0	13.37	11.91	0	0	5.88	14.86	14.39	1	0
C22	cluster2	0	0	0	0	0	0	0	0	1	0	0	0	11.8	11.33	0	0	2.32	14.7	13.82	0	1
C23	cluster2	0	0	0	0	0	0	0	0	0	0	0	0	12.57	11.82	0	0	2.81	14.08	13.87	1.58	0
C24	cluster2	0	0	0	0	0	0	0	0	0	0	0	0	12.54	11.9	0	0	3.17	14.38	13.79	0	0
C26	cluster2	0	0	0	0	0	0	0	0	0	0	0	0	12.08	11.3	0	0	5.58	13.84	13.57	0	0
C27	cluster2	0	0	0	0	0	0	0	0	0	0	0	0	12.45	11.74	0	0	4.95	14.11	13.9	0	1
C28	cluster2	0	0	0	0	0	0	0	0	2	0	0	0	12.86	11.59	0	0	2.81	14.6	13.77	1	0
C29	cluster2	0	0	0	0	0	0	0	0	0	0	0	0	12.11	11.17	0	0	2.58	14.25	13.44	0	0
C3	cluster2	0	0	0	0	0	0	0	0	0	0	0	0	12.38	11.86	0	0	5.58	13.85	13.58	0	0
C31	cluster2	0	0	0	0	0	0	0	0	0	0	0	0	12.46	11.5	0	1	2.32	13.52	13.24	1	0
C32	cluster2	0	0	0	0	0	0	0	0	0	0	0	0	10.51	10.51	0	0	5.13	15	12.4	0	0
C36	cluster2	0	0	0	0	0	0	0	0	1	0	0	0	11.78	11.24	0	0	5.17	13.76	13.6	0	1
C37	cluster2	0	0	0	0	0	0	0	0	0	0	0	0	11.45	10.87	0	0	4.91	12.86	12.67	1	0
C38	cluster2	0	0	0	0	0	0	0	0	0	0	0	0	11.98	11.07	0	0	4.17	13.85	13.58	1.58	1
C39	cluster2	0	0	0	0	0	0	0	0	0	0	0	0	11.11	11.36	0	0	2.58	14.11	13.04	0	0
C40	cluster2	0	0	0	0	0	0	0	0	0	0	0	0	12.63	11.54	0	0	4.7	14.39	13.6	0	0
C41	cluster2	0	0	0	0	0	0	0	0	0	0	0	0	12.49	11.79	0	0	2.32	14.24	13.95	0	0
C42	cluster2	0	0	0	0	0	0	1	0	0	0	0	0	13.32	12.27	0	0	5.29	13.59	14.51	0	1.58
C43	cluster2	0	0	0	0	0	0	0	0	1	0	0	0	12.22	11.34	0	0	3.46	13.73	13.8	0	0
C44	cluster2	0	0	0	0	0	0	0	0	0	0	0	0	12.35	11.71	0	0	4.09	14.17	13.85	1	0
C45	cluster2	0	0	0	0	0	0	0	0	0	0	0	0	13.08	11.9	0	0	4.32	14.15	14.15	1	0
C46	cluster2	0	0	0	0	0	0	0	0	0	0	0	0	11.96	11.27	0	1	4.25	13.34	13.53	0	1
C47	cluster2	0	0	0	0	0	0	0	0	1	0	0	0	12.54	11.8	0	0	3.7	14.24	13.9	2.32	1
C48	cluster2	0	0	0	0	0	0	0	0	0	0	0	0	11.19	10.29	0	0	0	13.13	13.35	0	1
C49	cluster2	0	0	0	0	0	0	0	0	0	0	0	0	10.81	10.26	0	0	4.17	12.14	13.12	0	0
C5	cluster2	0	0	0	0	0	0	0	0	0	0	0	0	13.31	12.26	0	0	4.7	13.96	13.72	2.32	0
C50	cluster2	0	0	0	0	0	0	0	0	0	0	0	0	9	9.1	1.58	0	3.32	11.31	11.43	0	0
C52	cluster2	0	0	0	0	0	0	0	0	0	0	0	0	11.44	10.74	0	0	3.7	12.9	13.22	0	0
C55	cluster2	0	0	0	0	0	0	0	0	0	0	0	0	12.28	12.28	0	1	2.81	14.21	13.71	1	0
C56	cluster2	0	0	0	0	0	0	0	0	0	0	0	0	12.41	11.54	1.58	0	3.7	12.96	13.17	0	0
C58	cluster2	0	0	0	0	0	0	0	0	0	0	0	0	10.84	10.05	0	0	4.25	12.01	12.74	0	0
C64	cluster2	0	0	0	0	0	0	1	0	0	0	0	0	12.79	11.55	0	0	0	14.31	13.79	1	0
C68	cluster2	0	0	0	0	0	0	0	0	0	0	0	0	11.04	9.9	0	0	5.58	12.78	12.87	0	0
C71	cluster2	0	0	0	0	0	0	0	0	0	0	0	0	11.89	11.35	0	0	5.25	14.03	13.12	0	1
C75	cluster2	0	0	0	0	0	0	0	0	0	0	0	0	12.94	12.08	1	0	5.64	13.85	13.79	2.32	2
C76	cluster2	0	0	0	0	0	0	0	0	0	0	0	0	12.64	12.16	0	0	1.58	15.05	13.92	0	0
C77	cluster2	0	0	0	0	0	0	0	0	0	0	0	0	12.49	11.57	0	0	4.75	14.14	13.93	0	1
C78	cluster2	0	0	0	0	0	0	0	0	1.58	0	0	0	12.5	11.9	0	0	2.58	14.32	13.98	2.32	0
C8	cluster2	0	0	0	0	0	0	1	0	0	0	0	0	12.2	11.39	0	0	2.32	14.47	13.52	1	0
C80	cluster2	0	0	0	0	0	0	0	0	0	0	0	0	12.29	11.31	1	0	4	13.51	13.78	0	0
C85	cluster2	0	0	0	0	0	0	0	0	0	0	0	0	11.12	10.92	0	0	5.58	13.26	13.44	0	0
C89	cluster2	0	0	0	0	0	0	0	0	0	0	0	0	12.31	11.63	0	0	3.17	13.87	13.1	1.58	0
C92	cluster2	0	0	0	0	0	0	0	0	0	0	0	0	12.43	11.41	0	0	4.17	13.71	13.71	0	0
C96	cluster2	0	0	0	0	0	0	0	0	0	0	0	0	11.25	10.56	0	0	6.09	11.99	12.45	0	0
C97	cluster2	0	0	0	0	0	0	0	0	0	0	0	0	12.49	10.96	0	0	4.64	14.2	13.58	0	0
C99	cluster2	0	0	0	0	0	0	0	0	0	0	0	0	12.72	11.44	1	0	4.7	14.12	13.74	0	0
