symbol	cluster	TNFAIP1	TNFAIP2	TNFAIP3	TNFAIP6	TNFAIP8	TNFAIP8L1	TNFAIP8L2	TNFAIP8L3	TNFRSF10A	TNFRSF10B	TNFRSF11B	TNFRSF12A	TNFRSF13B	TNFRSF13C	TNFRSF14	TNFRSF17	TNFRSF18	TNFRSF19	TNFRSF21	TNFRSF25	TNFRSF4	TNFRSF6B	TNFRSF8	TNFRSF9	TNFSF10	TNFSF11	TNFSF12	TNFSF13	TNFSF13B	TNFSF14
C1	cluster1	548.88	20387	2083	3096	2925.27	279.11	2587	34.42	386.05	3031.64	1	132	0	22.9	2811	0	18	1	43	219	12	3	524	118.7	42181.08	4	1345.2	5236.48	12099.85	2481.73
C10	cluster1	424.01	17140	4605	3209	4001.26	333.62	3059	4.14	224.6	963.02	2	169	111	201.49	2850	385	8	14	8.05	85	4	2	187	114.24	12166.87	0	520.15	2419.57	3042.8	2370.33
C100	cluster1	354.33	13691	1688	4304	4047.31	391.97	4309	28.17	160.3	1124.35	0	89	180	117.27	2049	457	27	3	20.68	157	7	3	329	65.64	31382.83	1	663.08	2964.21	8715.97	1970.34
C101	cluster1	442.69	15950.03	1324	664	4188.08	615.03	3483	4.3	240.13	1945.67	1	77	222	714.37	2628	297	36	3	22	419	24	1	369	122.51	11163	5	961.1	2673.42	2978.57	1223.4
C11	cluster1	463.18	13269	3260	1135	5021.92	613.51	1234	10.93	539.39	2852.96	0	58	246	470.56	1530	1322	21	9	18	501	11	2	238	261.57	7453.99	20	583.89	1568.2	1796.01	1194.7
C13	cluster1	505.64	12249	3014	3505	4102.08	445.61	2135	8.09	485.46	3012.92	0	72	328	162.1	1534	1963	17	2	13.81	165	12	1	249	165.24	22774.93	1	520.35	2777.14	8038.49	2073.24
C16	cluster1	516.73	16580.94	1856	1011	4658.19	494.37	2136	16.43	359.39	3014.2	1	88	181	168.06	1597	792	12	13	43.01	168	6	7	393	251.64	12361.76	3	845.12	3656.09	3821.55	1759.86
C17	cluster1	383.56	23395	1507	1884	2532.17	340.74	2059	14.04	266.95	2615.49	0	124	132	155.03	2568	415	18	11	20	231	12	3	509	515.06	9890.72	5	817.15	2541.72	2435	2213.08
C18	cluster1	381.78	20239	1670	1825	2969.12	301.47	2289	26.15	212.01	2604.64	0	138	154	260.94	2015	346	14	6	15	162	7	1	540	124.23	13763.37	1	894.64	2738.07	3109.71	2051.48
C19	cluster1	471.08	21260.94	2098	1199	4200.31	333.55	2424	4.14	225.09	3306.45	0	112	179	310.25	997	456	6	5	17.03	50	1	0	282	309.94	14428.11	2	651.46	2716.65	4080.72	3100.25
C25	cluster1	543.35	20934	1454	774	4908.28	461.77	2821	6.29	429.38	2250.52	0	130	81	186.35	2369	238	16	30	5	342	11	1	416	304.13	10763.87	3	706.39	3586.81	2411.39	1744.53
C30	cluster1	310.35	7088	2423	1387	3267	240.83	1332	10.64	175.11	1428.22	0	41	285	301.42	817	861	13	7	7	73	1	2	67	129.5	9235.39	2	548.65	2397.57	3164	1443.56
C33	cluster1	357.59	20823.99	1953	2133	2842.32	480.9	2463	25.02	200.14	1927.08	0	182	337	208.93	2808	702	23	2	6.01	199	17	1	306	76.56	14588.04	2	874.41	2789.53	3026.97	2455.35
C34	cluster1	316.46	20859	1767	815	2802.47	287	1959	12.19	221.62	3166.41	0	104	75	141.84	1363	278	9	11	7.01	132.6	2	1	232	247.23	11159.01	3	518.86	1651.09	3409.92	1859.44
C35	cluster1	533.99	35166	4437	5435	4750.87	329.15	3531	19.75	324.61	3782.46	0	326	806	284.49	2798	2686	19	9	19.95	199	10	2	245	285.2	28654.2	12	1064.51	2356.34	7070.41	4640.03
C4	cluster1	454.03	21401	1588	365	3485.65	435.37	1819	11.51	316.64	3134.36	0	92	87	491.77	2073	121	11	3	25	287	8	0	516	194.86	10861.91	9	707.72	2926.94	2511.31	1458.23
C51	cluster1	589.59	21780	1972	1768	3777.02	533.23	3444.87	37.76	272.77	2571.35	0	159	101	134.93	1702	323	19	16	17.01	63	2	2	534	141.42	19243.49	1	880.72	4365.94	4664.33	3072
C53	cluster1	349.44	8728.99	2448	3988	3775.02	247.08	1543	13.24	212.63	1677.01	0	52	152	235.82	569	559	4	9	11.11	108	2	0	160	124.72	20014.82	3	245.39	1105.18	8648.65	2635.14
C57	cluster1	534.87	19558	2548	590	4843.77	534.68	1967	3.96	344.13	2208.28	0	89	361	424.02	2812	1089	8	10	43	639	18	3	310	90.12	8903.16	2	925.47	2653.83	1943.42	1843.84
C59	cluster1	437.55	21441.98	2587	2455	3996.46	471.15	1684	2	440.61	5181.49	0	81	94	552.89	1664	62	30	6	35	461	5	1	332	388.31	18871.68	2	699.5	2122.73	6796.72	2174.47
C6	cluster1	368.13	20620	1143	1002	3504.37	396.83	2242	5.3	190.02	2398.92	0	152	207	215.87	2078	640	27	9	9	272	11	2	408	186.46	11157.32	5	642.88	1699.1	2455.32	2088.38
C60	cluster1	354.34	13832	2109	392	4364.56	576.46	1973	6.98	330.46	1705.35	0	110	50	119.12	2818	210	37	5	25.37	522	30	3	298	149.36	10144.35	6	1097.4	2633.83	1755.26	632.27
C61	cluster1	470.43	15701.01	2245	2393	4474.38	290.1	2176	16.25	373.53	2274.9	0	91	339	216.4	1219	796	29	11	43.03	133	6	1	168	166.3	18360.38	15	483.13	1919.25	5513.93	2270
C62	cluster1	357.73	12630.89	4979	5702	3835.27	407.96	2827	14.62	205.52	964.18	0	120	4	241.8	2069	10	16	8	5	331	11	5	92	67.88	22950.61	2	974.35	2222.61	4868.13	2387.07
C63	cluster1	360.16	9911.01	2513	5634	4255.34	275.14	2319	42.13	363.45	1585.5	0	90	108	574.78	1013	396	3	4	19.01	105	3	0	168	148.24	23312.81	0	505	1752	12644.03	3536.2
C65	cluster1	540.72	19734	3477	4725	3526.82	315.15	2785.92	43.4	247.02	3629.49	0	144	95	187.76	1967	377	5	5	31.01	101	2	1	429	118.11	25986.32	5	970.24	3367.35	9760	3815.89
C66	cluster1	276.6	19227	1372	1626	2400.04	364.31	3102	0	204.1	1314.2	0	101	142	388.67	3000	120	84	2	25.05	308.93	29	4	470	82.47	40516.1	1	1331.55	3089.65	5887.34	1393.61
C67	cluster1	281.15	9979.01	1146	1587	2346.6	335.2	2355	5.63	144.16	435.6	0	199	1934	209.12	2794	4931	27	0	6	109	12	1	164	64.02	11680.9	3	916.5	1384.43	1083.56	2411.86
C69	cluster1	365.03	17840.21	2185	1516	3188.97	376.98	1813	5.37	241.75	2365.2	0	71	265.01	236.94	1357	1068	20	3	27.46	164	4	1	202	174.25	11711.25	8	770.32	2597.79	3520.51	2186.49
C7	cluster1	489.02	15724	2318	1317	4546.93	444.42	1999	13.23	440.69	2355.92	0	77	435.12	420.14	1646	1118	23	2	20.04	621	30	0	249	217.5	8454.99	3	792.84	1807.24	2712.98	2261.38
C70	cluster1	463.71	18528	2965	5285	3907.19	226.13	2508	22.31	334.52	2223.26	1	66	56	123.11	1625	215	29	5	23.48	162	4	3	273	156.21	40726.24	10	838.52	2782.41	11364	2695.36
C72	cluster1	399.06	17201	1631	1960	3411.31	634	2875	11.92	209.46	1308.61	0	117	207	306.01	4350	408	213	7	11	541.08	56	10	427	96	15944.16	3	1168.06	3342.27	3473.21	712.36
C73	cluster1	547.16	18303.95	2271	1569	3721.16	305.87	2026	8.38	602.27	3490.34	0	42	22	256.02	1431	44	9	0	32.01	336	9	3	402	104.37	29657.62	8	767.7	3341.37	7589.88	1198.24
C74	cluster1	409.14	14867	1535	2544	3588.38	318.75	2196	15.77	321.53	1911.48	0	91	176	360.05	2049	607	19	13	7.27	248	11	4	212	129.67	11660.49	3	692.05	2735.02	2887.94	2046.34
C79	cluster1	371.1	17222	3626	1269	4402.16	295.24	2606	9.36	171.47	2244.59	0	128	55	486.44	1541	67	21	4	12	170	4	0	234	532.32	13626	7	533.88	2119.96	3994.8	2688.78
C82	cluster1	314.81	16398.08	1286	1149	2255.68	242.54	2263	7.81	180.16	2787.77	0	142	8	35.03	2023	15	22	1	12.01	208	10	1	250	483.07	8891.48	3	527.33	2252	2896.23	1679.81
C83	cluster1	377.65	14493.32	2095	2627	2330.27	274.95	2143	31.61	218.25	1353.38	0	97	108.01	65.25	2312	300	30	1	7	107	7	6	244	77.54	25223.18	0	862.91	2841.86	5957.23	1875.22
C84	cluster1	338.66	13895	2017	2678	3599.7	247.17	3191	13.95	170.04	1376.08	0	156	11	26.92	3040	40	27	9	1	270	17	4	367	119.17	16963.35	4	1050.13	2650.08	4384.85	1568.19
C86	cluster1	317.72	15134	1369	2088	3481.53	296.16	2576	10.18	201.86	1508.11	0	94	261	259.5	1794	1070	41	0	16	189.73	11	3	299	104.53	14686	4	796.51	2544.38	3999.68	1810.57
C87	cluster1	333.96	18347.01	1761	1272	3595.8	433.77	2244	14.61	181.66	2086.19	0	74	145	277.55	1916	320	8	15	22.1	234	2	6	264	191.95	10807.09	8	703.36	2431.45	3568.55	1355.54
C9	cluster1	365.28	6097	2410	2456	2531.15	188.58	1670	25.01	157.09	1144.42	1	120	582	220.99	1351	2261	5	0	3	62	6	3	91	89.41	8802.16	2	702.77	2317.86	1624.84	2720.62
C90	cluster1	350.07	14375	1675	3048	2867.99	289.72	2248	10.48	208.52	1097.19	0	120	619	219.79	2156	2063	14	8	4.07	255	17	3	252	98.87	11020.69	0	649.73	2029.91	3211.4	2115.86
C91	cluster1	411.55	19424.02	1178	711	3949.19	573.5	3074	5.06	239.4	1868.38	0	143	94	304.32	3352	109	51	2	14	810	38	3	347	212.82	9094.68	8	989.08	1722.15	2610.59	1284.43
C93	cluster1	357.02	8730	2529	3136	2478.85	312.4	2593	155.42	249.31	1008.96	1	119	595	560.29	2559	2151	94	0	22.5	213	26	5	416	62.6	11427	5	987.75	3105.83	2867	1473.91
C94	cluster1	430.05	15942.97	1915	1399	4205.26	680.63	3025	4	191.44	1102.49	0	118	206	330.75	6773	668	64	1	10	1288	46	16	316	91.24	13015.23	2	1093	1550.09	3433.62	1168.28
C95	cluster1	349.55	13974	1916	2068	3044.54	238.63	2048	50.46	195.79	1813.49	0	153	138	188.25	1625	396	8	1	9.24	119	2	3	372	161.86	11015.52	2	724	2954	2680.8	2324.99
C98	cluster1	330.44	11215	845	807	2932.14	244.03	3587	33.96	107.75	827.37	0	239	292	94.42	3215	828	28	16	6.66	258	22	4	191	73.68	8381.75	0	1259.29	3445.96	1123.6	1625.42
C102	cluster2	394.55	3282	7667	8064	4218.92	155.93	2453	439.34	240.95	541.09	0	87	36	182.94	1431	112	4	3	9.01	44	4	5	227	77.18	31754.82	3	289	1087	23986.82	2552.36
C103	cluster2	265.96	21074	7819	11913	3459.11	179.65	4110	38.99	116.54	1808.66	0	93	26	36.8	3831	54	24	0	5	88.96	7	4	903	101.1	43518.41	12	427.03	1532.14	13410	5065.07
C12	cluster2	350.08	9500.99	4269	1911	3862.97	173.98	1926	9.76	173.3	1523.81	0	98	130	190.65	973	320	9	10	1	58	3	0	75	157.52	9544.4	3	617.09	2289.97	1677	2596.23
C14	cluster2	334.11	12275	9098	4288	2735.66	168.06	1692	16.1	105.64	1027.66	1	128	89	163.39	1082	405	1	2	5	25	2	0	79	128.64	13272.91	5	267.55	1503.77	6520.8	3503.92
C15	cluster2	274.79	8169	2420	1512	2070.47	210.48	1667	11.01	171.89	1054.43	0	112	40	121.68	898	158	3	1	6.01	53	0	1	141	163.74	10164.5	0	491.9	2004.49	2035	3550.61
C2	cluster2	260.23	14865	1256	1037	2051.01	223.78	1383	7.13	140.23	1693.61	0	82	90	99.11	1413	330	16	8	20.09	115	6	5	304	127.04	7952.3	1	559.64	2100.16	2090.71	1382
C20	cluster2	370.3	27639.8	3453	5387	2974.77	189.15	3031	5.9	73.34	1500.21	0	239	112	106.34	1596	435	8	9	9	24	1	1	257	370.26	15174.25	0	595.6	1761.01	1971.83	5914.26
C21	cluster2	268.06	9165	4909	11161	3543.51	171.53	2149	21.79	61.16	872.57	0	174	62.04	66.76	627	373	3	4	8.09	17	1	0	79	151.29	24699.81	0	432.72	1266.86	4985.91	5687.86
C22	cluster2	208.35	7856	2382	2056	4918	93.93	2327	7.71	76.03	358.67	0	94	46	47.26	585	330	1	15	5	1	0	0	69	110.87	14461.16	4	303.13	804.7	4230.6	2879.04
C23	cluster2	301.08	9597.85	1638	4074	2971.77	124.72	1915	15.41	142.93	1532.81	3	112	20	73.95	945	63	8	6	4	17	0	0	249	241.32	16171.58	3	363.24	1776.04	6605.01	2947.58
C24	cluster2	334.76	24778.64	4648	2568	2735.73	147.56	2154	9.12	89.68	1337.25	0	129	74	94.91	1155	346	11	4	5	45	1	0	139	599.76	11697.59	1	446.08	1401.9	2483.03	4522.71
C26	cluster2	269.66	20810.99	2425	2456	3111.83	192.08	2446	6.49	127.56	1584.91	1	140	82	210.21	963	433	5	3	3.01	64	0	0	188	246.07	14636.44	1	627.59	1818.98	2544.71	4330.4
C27	cluster2	340.41	16201	4483	2162	3508.46	157.98	1882	26.89	190.23	1896.78	0	55	150	86.03	1237	578	10	9	9.74	48	5	1	129	204.43	16249.94	6	578	2064	6044.6	1959.73
C28	cluster2	261.84	12484.89	6213	1927	3168.04	160.91	2239	19.55	81.25	976.2	0	127	136	80.42	1165	422	2	7	6.01	13	1	1	94	167.48	17847.17	0	253.7	1018.79	4917.65	4322.33
C29	cluster2	231.6	7512	2305	2660	1896.74	159.94	1899	13.64	59.99	536.87	0	106	72	75.83	1228	257	7	2	2	18	2	0	153	87.35	11258.26	1	517.71	1704.55	3412	1362.43
C3	cluster2	351.93	25982.98	3108	4711	1582.73	148.29	2195	15.69	104.08	1321.31	0	203	3	62.2	2849	5	20	2	16.99	75	5	2	217	85.84	42867	1	618.82	1876.38	8003.74	2646.42
C31	cluster2	220.48	10979.62	4761	7914	2835.36	226	1400	17.57	153.35	832.53	1	38	189	139.41	1255	670	10	3	10	42	4	2	69	63.48	22222.31	3	277.01	1097.51	11765.67	1392.63
C32	cluster2	165.66	10506.75	34244	336	1114.13	242.7	92	8.48	157.33	934.84	0	234	53	378.01	1103	124	3	7	123.21	55	3	5	15	72.04	1275.04	4	243.04	1083.55	930.52	481.89
C36	cluster2	291.62	15868.01	1692	1289	2608.71	170.41	2279	65.54	160.67	1559.14	0	98	74	70.39	957	387	13	1	9.03	40	3	2	196	155.23	14210.78	4	579.94	1397.62	2625.35	2405.7
C37	cluster2	184.58	8136	1208	1297	1532.43	121.89	1323	7.66	71.12	995.44	0	67	39	40.06	675	103	10	1	8.68	51	0	0	111	256.78	7944.46	3	240.65	714.84	2381	1668.29
C38	cluster2	189.07	13415.86	3822	4672	1447.98	93.62	1956	5.82	66.04	706.55	0	137	139	69.33	1318	693	5	1	3.28	23	1	0	129	182.75	14194.77	1	313.22	1267.2	3991.45	2081.85
C39	cluster2	197.01	5127	1294	2752	2587.56	165.69	1950	7.91	67.31	324.53	0	150	110	96.97	1709	647	13	2	17.05	11	8	1	120	17.99	11158.14	0	303.33	1197.24	3063.8	1206.47
C40	cluster2	293.76	8051	4084	5328	3033.77	138.25	1375	66.34	104.07	918.85	0	97	189.76	41.48	847	745	7	4	15.72	12	0	0	82	82.19	14061.74	1	379.26	1285.63	4447	3275.56
C41	cluster2	202.08	9599	2104	1285	2165.05	191.64	3057	25.1	74.01	719.01	0	184	112	131.68	1846	400	12	2	5.01	36	4	1	210	129.71	17615.33	0	487.46	1676.18	3372.17	4097.33
C42	cluster2	278.16	15914	2311	4166	3514.15	252.77	2889	20.98	174.57	1311.4	0	72	230	286.76	1179	616	5	13	17.4	49	5	1	163	155.26	19637.58	0	286.88	1325.04	6036.88	2770.13
C43	cluster2	159.52	8339	1081	3014	1802.76	147.55	2428	11.25	75.14	652.97	0	82	12	88.92	1217	23	3	4	1	8	1	0	136	102.21	13740.59	5	463.89	1301.46	2833.45	2221.54
C44	cluster2	339.65	9875	1715	3089	3121.18	176.15	1930	16.96	207.84	2585.83	0	67	96	158.69	648	229	1	3	9.02	35	0	0	184	141.2	17023.39	1	388.06	1753.88	3954.94	3248.36
C45	cluster2	209.16	11504	2645	2247	2424.13	149.59	1945	13.94	104.65	1352.11	0	54	55	105.38	741	186	0	1	1.05	28	2	0	188	328.33	19646.24	10	404.37	1061.38	6244	3285.58
C46	cluster2	314.6	11586.98	1796	604	2620.53	285.35	2431	7.24	147.76	1164.26	0	75	24	232.3	1459	10	10	1	3.01	125	7	0	342	231.42	12244.94	6	478.54	1802.84	3765.96	1596.12
C47	cluster2	284.05	13238.6	2053	1562	2649.8	167.01	2300	16.9	186.49	2366.98	0	50	157	148.74	581	492	1	1	3	37	0	0	123	300.6	16504.35	10	325.61	1415.66	3174.79	3758.37
C48	cluster2	185.56	8763	1209	2584	2096.1	162.58	2094	0	100.37	359.02	0	87	150	200.5	1523	143	3	7	0	37	7	0	160	90.42	12224.79	0	548.82	1543	2795.45	1437.96
C49	cluster2	209.21	12282	334	164	1315.9	322.75	3176	18.92	84.02	851.39	0	95	76	214.4	4108	129	24	8	5	202	21	0	834	140.2	12631.81	7	927.34	2391.33	1160.6	929.96
C5	cluster2	298.88	19123.51	3391	7368	2554.98	155.75	2271	29.86	227.48	1235.72	0	48	107	53.46	1407	262	2	1	0	31	1	0	114	134.8	29005.12	6	258.38	1991.72	13915.1	1893.68
C50	cluster2	68.56	2246	199	747	1019.54	65.81	956	5.21	62.11	70.13	0	42	28	35.81	1052	161	4	3	1	6	3	0	111	8	2383.99	0	112.1	600.26	610.1	199.68
C52	cluster2	172.32	7392.35	1747	3009	1124.46	76.89	1575	27.92	55.23	697.76	1	47	0	8.1	625	0	9	0	1	16	1	0	66	33.62	27334.39	0	425.79	990.86	6283.62	1944.05
C55	cluster2	331	8377	4157	7807	3344.83	132.16	2026	11.73	102.1	600.19	0	118	72	129.36	1335	382	5	7	5	16	2	0	48	97.41	21243	1	154.6	922.47	9832.81	2868.22
C56	cluster2	225.47	17118	10438	4132	1839.01	203.06	1001	12.56	170	1548.11	0	160	207	221.18	1391	261	9	2	10.01	87	7	0	199	128.54	14591.55	0	379.03	1514.94	8048.82	1310.75
C58	cluster2	132.2	9421.92	422	290	1703.19	402.88	3875	11.11	89	616.67	0	130	586	319.23	5001	821	192	3	2	420	101	5	631	98.82	9964.99	1	1880.15	2063.16	1778.12	899.34
C64	cluster2	293.17	24817.99	4189	1697	1891.81	182.09	2808	8.46	128.8	1473.34	0	168	57	235.48	1914	95	4	1	3.84	24	4	0	206	326.18	10498.1	0	465.72	1657.74	2830.1	4454.82
C68	cluster2	200.3	4541	906	465	1998.51	243.21	3106	36.47	93.99	381.63	0	87	483	171.41	3374	559	25	1	0	91	10	5	301	44.21	7970.58	2	846.62	2514.26	1778.86	1069.17
C71	cluster2	361.16	9066	2519	3825	3807.23	147.83	2320	4.13	145.98	401.52	0	115	118	128	1232	387	3	10	10.36	58	3	0	78	77.86	11822.26	6	218.76	1048.4	3972.4	2059.97
C75	cluster2	359.68	15229	3008	5782	3076.95	196.57	2404	38.76	174.66	1958.57	0	101	41	95.96	788	107	5	2	17.98	36	1	0	208	115.62	32647.88	2	477.17	2213.26	13679.83	3424.16
C76	cluster2	389.29	2325	2675	2649	3885.41	101.95	2388	157.34	374.18	658.37	0	114	8.17	45.72	684	67	2	0	19	18	1	2	103	19.03	11096.32	0	195.57	1682.73	6228.35	1510.88
C77	cluster2	267.59	17018.97	3735	6343	2323.95	155.67	2442	12.23	99.69	1108.74	0	166	1	18.17	1431	0	5	0	5	41	4	2	140	127.01	22674.52	1	526.09	1509.82	7038.79	3557.92
C78	cluster2	368.07	13133	3488	3141	2759.28	220.16	2559	73.74	271.3	2393.82	0	28	45	107.58	1005	116	1	3	6.54	45	0	1	336	279.32	16718.53	9	650.54	3883.35	6246.47	2176.53
C8	cluster2	369.53	9921.01	2372	3337	3540.25	145.66	1529	34.06	235.84	985.76	0	119	31	60.38	770	83	2	5	6	14	0	1	134	197.9	8447.89	1	495.87	2147.19	3975.79	2313.55
C80	cluster2	254.56	19607.02	2180	8926	2361.27	206.48	3138	35.45	138.53	757.82	0	98	41	75.37	2553	44	5	3	5	98	5	0	244	122.66	38199.98	9.99	489.67	1855.25	13006.64	2544.55
C85	cluster2	202.58	16574.71	642	735	2313.48	293.99	3350	6.73	80.03	918.52	0	161	32	129.72	2792	86	57	3	6	117	16	2	347	142.17	11092.41	4	788.15	1802.75	2348.39	1421.14
C89	cluster2	284.35	27291	3725	2150	1965.94	194.99	1264	10.91	133.33	2163.36	0	72	57	213.1	1244	14	1	4	8.06	68	2	0	199	591.54	9187.81	2	331.86	1464.9	3466.5	1643.58
C92	cluster2	312.09	21092.99	2628	2535	3096.21	182.86	2992	11.04	205.2	1916.67	0	118	91	211.62	2135	133	7	19	2	110	3	2	345	273.49	13486.07	2	724.09	2155.95	4009.51	3834.55
C96	cluster2	77.08	10368.08	313	211	2282.99	575.71	3313	9.32	54.05	802.9	0	93	189	321.36	5030	143	49	1	4	289	47	13	358	163.69	7052.3	2	976.35	1310.85	3044.76	587.38
C97	cluster2	206	7902	3310	1906	1784.96	194.2	2588	17.7	49.55	345.23	0	125	277	155.29	2411	880	18	1	4	95	9	5	115	48.33	19421.96	0	400.87	1059.59	5621.63	2757.59
C99	cluster2	205.74	9891	1242	2816	1589.35	301.6	5775	13.24	64.86	450.18	0	235	124	89.65	2725	325	15	2	3	104	7	1	439	124.64	19894.07	2	667.21	1675.74	5117.07	2579.38
