	cluster	aDC	B-cells	Basophils	CD4+ memory T-cells	CD4+ naive T-cells	CD4+ T-cells	CD4+ Tcm	CD4+ Tem	CD8+ naive T-cells	CD8+ T-cells	CD8+ Tcm	CD8+ Tem	cDC	Class-switched memory B-cells	DC	Endothelial cells	Eosinophils	Epithelial cells	iDC	ly Endothelial cells	Macrophages	Macrophages M1	Macrophages M2	Mast cells	Memory B-cells	MEP	Monocytes	mv Endothelial cells	Myocytes	naive B-cells	Neutrophils	NK cells	NKT	pDC	Plasma cells	Platelets	pro B-cells	Tgd cells	Th1 cells	Th2 cells	Tregs
C1	cluster1	0.0037362	0.005564548	0.010758741	0.004087777	0.014171154	0.017185258	0.011144473	0.020942577	0	0.039876108	0.055668327	0.025247383	0.023865776	0.000716393	6.29E-20	0.00198066	0.001448029	0.000990862	2.08E-19	2.12E-20	0.031079379	0.023154817	0.020027955	0.003089507	0.001931492	0.00501966	0.012717268	0.002486357	0.000455551	1.79E-20	0.003579737	0.018414998	0.001375036	0.040044126	9.04E-06	0.018020932	2.43E-21	0.001009467	0.023106479	0.011629949	0.000432503
C10	cluster1	0	0.035618926	0.047684472	1.39E-19	0	7.15E-18	2.99E-18	7.11E-19	0	1.45E-18	7.77E-21	0.006915987	0	0.032695068	0	0.007277076	0.020982027	0.005689687	0	0	0.013397269	0.005646255	0.003899963	0	0.022386554	0.00495839	8.86E-18	0.008889992	0.004376563	0.005900539	0.006509573	0	0.006142088	0.006620152	0.020640011	0.035638075	0.01469018	9.91E-19	0.039053183	0.026396307	0
C100	cluster1	0.035919251	0.052069931	0.048172772	2.98E-18	5.75E-19	0	0	0.002379592	0.004623546	0.073400428	0.051754446	0.038370671	0.01404786	0.016187914	0	0.001744876	0.006248111	0.003445213	0	1.16E-18	0.014991761	0.01135559	0.011718299	0.002483968	0.040093489	0.034750052	0	0.00633256	2.22E-19	0.005139249	0.006098951	0.012756873	0.022743068	0.028105184	0.029928626	0.034944029	0	9.27E-18	0.067290345	0.015045623	0
C101	cluster1	3.27E-18	0.270901757	0.007542712	0.024802448	0.036849724	0.052450768	0.047358528	0.018364042	0.011094199	0.124159708	0.093739681	0.019125053	0.046772092	0.059706752	0.002380222	2.01E-20	0.034246203	0.002804559	0.057496805	0	0.002345983	0	0.004063089	0.005710994	0.146870795	0.0420218	0	0.001308993	0.000687184	0.074382187	0	1.45E-18	0	4.21E-19	0.01690219	0.002495938	0.013438664	9.45E-18	0.045479549	0.031238047	6.33E-18
C102	cluster2	0.033482063	0.089342759	0.033511261	1.01E-18	0	0	5.10E-19	0	2.99E-19	0.086007194	0.099140346	0.063063184	0	0.047203118	5.30E-19	0.006745159	2.68E-19	0.000438754	4.41E-19	0.000224023	0.014795485	0.011817321	6.91E-05	0.001276322	0.028657774	0	9.98E-19	0.00163032	0.001499894	0.0342245	0.009916852	0.029261889	0.001717965	0.007158947	0.011994127	0.014379184	0	6.50E-18	0.005593054	0.052589568	0
C103	cluster2	0.034463005	0.017279473	0.061096174	0	0	1.74E-18	0	0.008449223	1.23E-19	0.009353289	0.027436348	0	0	0.012342572	0	0.006961829	0.009648717	0.01074618	5.14E-18	0.001273878	0.020388304	0.013820756	0.004695383	0.001864302	0.010366143	0.025834688	0	0.015647428	0.001027072	0.00240532	0.009973676	3.77E-18	0.034403132	0.028699812	0.01203413	0.035857103	2.55E-20	0	0.014306219	0.016692929	0.002880044
C11	cluster1	1.29E-18	0.19419404	0	0.115189873	0.044689513	0.109725109	0.064736018	0.059501025	0.004730858	0.201449608	0.200420373	0.067706988	0.039851632	0.091299987	0.001446605	2.63E-19	3.85E-19	0	0.014120961	1.29E-20	0	0	0.000688846	0.002250858	0.083352176	0.019864832	0	0	0.001925948	0.043031882	0	0.032518885	0	0.004804619	0.033895931	0.018368061	0.001785413	0.001133752	0.00477228	0.147949443	0.027223279
C12	cluster2	0.002404704	0.083407071	0.032772631	1.08E-19	0	0	6.64E-18	6.62E-19	0	0.040704496	0.056139679	0.026100866	0.007457682	0.064406037	2.77E-19	0.005516122	2.35E-19	0.001880042	1.55E-18	0	0.015106437	0.005080956	0.002434783	0.00125731	0.037865221	7.12E-19	6.17E-18	0.002747904	0.003307022	0.019500151	0.006678148	0.016253671	0.029432718	0.009765147	0.012892004	0.016744011	0.002160234	0	1.07E-17	0.080676089	5.00E-19
C13	cluster1	0.00036952	0.111247635	0	0.019318072	0.002986296	0.027136416	0	1.65E-18	0.005716716	0.166273276	0.134454442	0.044189713	0.043785783	0.075149037	0.000845532	0	0.001992538	0.001139303	0.016559788	9.47E-20	0.002806626	0.00070627	0.004246335	0	0.055047538	0.019900498	1.58E-18	0	0.003216214	0.00945044	5.61E-05	0.017788197	0.007269933	0.011865837	0.044254445	0.01448236	0	0	0.007207466	0.104885688	2.39E-18
C14	cluster2	0	0.108504532	0.005881351	0	0	1.69E-18	0	0	0	3.72E-20	0.000555708	4.66E-18	0	0.083021449	6.76E-20	0.004301799	5.20E-19	0.004669255	2.99E-18	4.08E-20	0.000578687	0.00029049	0	0.000673585	0.045385309	0.002143172	2.07E-18	0.000619328	0.000592196	0.025209553	0.007746327	0	0.025679652	0.007607036	0.023229793	0.04475832	0.007186688	3.07E-18	5.44E-18	0.040210457	0.005807608
C15	cluster2	1.04E-18	0.057982388	0	2.51E-19	0.006743513	0.004842545	0.01247324	6.86E-18	2.00E-18	0.054360491	0.036823111	1.89E-18	0	0.054778624	3.41E-19	0.006012439	0.015169786	0.005007502	1.31E-17	0	4.04E-19	7.65E-19	9.40E-19	0.003886192	0.021045525	0.000384332	1.02E-18	0.001953819	0.000899551	0.023315917	0.00407092	7.37E-18	0.026948341	0	0.001034514	0.10649705	4.12E-18	0	0	0.032818334	0.011885676
C16	cluster1	0.004575003	0.071747644	0.015288956	0.009308493	0	0.002656656	1.61E-18	0	0	0.142469911	0.127729773	0.067952124	0.051061667	0.055585125	0.00087782	0	0.003449129	0	0.008201234	8.56E-20	0.007220446	0.002902695	0.007861691	0.006403679	0.032134305	0.008515781	1.34E-18	6.08E-20	0.001415116	0.012438881	1.88E-19	0.058988806	0	0.014257	0.019622033	0.032594582	9.13E-20	0.001209549	0.009515068	0.076165164	0
C17	cluster1	0.000671555	0.078114912	0.020547164	0.006732349	0.012297736	0.016892204	0	0.005958281	1.39E-20	0.146142489	0.135947759	0.071082748	0.043448266	0.053936206	0.000294055	0.000410737	0.016290752	0.001413018	0.014866762	3.51E-19	0.002285331	0.000641987	0.001359686	0.004922283	0.041833198	0.013571461	7.48E-19	0.002422114	1.10E-20	0.012576254	0.002973516	0.021109225	0.008244339	0.01128244	0.017101465	0.011936191	0	0	0.002306389	0.116671095	2.04E-21
C18	cluster1	0.036234216	0.130445171	0.043276637	3.27E-23	1.14E-18	0	0	0	3.75E-19	0.072858364	0.072360321	0.048842846	0.068836096	0.07497235	0.001988442	0.000583891	0.019045528	0.002121026	0.007140848	2.75E-19	0.020345037	0.008389054	0.011968478	0.005937498	0.06595547	0.016328992	3.25E-19	0.002976949	0.003050822	0.025374908	0.003001773	0.00387342	0.006425676	0.017701884	0.013878628	0.009629251	0.003892502	0	0.014257669	0.042610861	0
C19	cluster1	0.004062131	0.160012058	2.33E-18	0.002145331	0	0.007603295	3.34E-18	2.37E-18	0	0.071424788	0.070358368	0.028763012	0.075344837	0.093208158	3.70E-21	0	0.010706399	0.000838034	0.011328443	0	0.005355251	0.00203643	0.005612003	0.005847367	0.07787099	0.006065541	0	0	0.005690622	0.034678019	0.002569241	0.020819623	0	0.01424604	0.011938988	0.012015207	0.002691187	0	0	0.063387307	0
C2	cluster2	6.09E-19	0.07708828	0.033116568	0.000541477	4.16E-19	0.000270505	4.44E-21	0.004314799	0	0.078855955	0.074807448	0.021172971	0.020715057	0.064829193	0.00024156	0.001265952	0.031167596	0.005196161	0.034972171	3.25E-19	0.00921487	0.003333754	0.001193763	0.005722668	0.035824857	0.011112138	1.64E-18	0.000833348	0.000189485	0.012814093	1.24E-19	1.19E-18	0.001085959	0.006502764	0.014034754	0.066095029	0.004220676	1.56E-18	0.013825767	0.05259026	0
C20	cluster2	0.002534006	0.062975888	0.033014736	0	0	0	1.50E-21	0	0	0.013353837	0.024241902	0.002075405	0.010744794	0.083004321	1.30E-19	0.002370037	0.010049296	0.003701906	2.83E-19	0	0.000517693	0.00014813	0	0.000745968	0.023133954	0	0	0.001099945	0.004401322	0.008060629	0.007955445	0.002997212	0.024785032	0.003276237	0.023687671	0.024314462	0.007128183	0	0	0.026418431	0.010490378
C21	cluster2	3.34E-19	0.025598466	0.014022066	0	0	0	1.33E-18	0	0	0.025158395	0.031308857	0.007486219	0.001512631	0.044337611	0	0.001070767	0	0.002836576	0	0	0.003803504	0.001295462	3.10E-05	0	0.005384804	1.86E-19	2.70E-18	0	0.005402413	0.007667876	0.006891038	0.019435644	0.01614786	0.001116842	0.012513462	0.049782626	0	5.16E-18	8.17E-19	0.034131258	0.011870647
C22	cluster2	0	0.009987954	0	0	0	1.47E-18	0	0	0	1.09E-18	0	5.26E-19	0.005833976	0.040446836	9.20E-19	0.005502955	0.032013931	0.004517219	0	0.000552534	0.012262237	0.002142785	0.002198548	9.68E-21	0	0.015406393	1.40E-18	0.001053291	0.002196053	0.008572656	0.008130628	0	4.48E-20	0	0.018171775	0.01929301	2.23E-18	1.72E-18	5.53E-18	0.069692079	0.003847558
C23	cluster2	9.39E-19	0.032567643	0.046548681	0	8.56E-19	8.92E-21	1.92E-19	0	0	0	0.00635607	1.60E-18	0.007718666	0.033855755	0	0.003894829	0.022113662	0.003087976	0.012541838	3.09E-20	0.016907868	0.002053745	0.007949353	0	0.010934566	0	0	0.003991673	0.004210922	0.016719266	0.011384735	2.94E-18	0.012611247	0.004720052	0.00331159	0.021463017	7.58E-19	8.36E-18	0	0.026500932	0.007112534
C24	cluster2	0.005331369	0.050486582	0.030967203	0	0	4.64E-20	2.21E-18	1.01E-17	1.02E-19	0.003997026	0.012455488	0	0.0052557	0.066102042	0	0.002574328	0.003190254	0.006612104	4.53E-18	0	0.005609299	0.003813602	0	0	0.018913173	0	0	0.001431578	0.002903516	0.011745602	0.010839501	3.17E-18	0.035623101	0.000404732	0.02068902	0.009585872	0.001415134	1.99E-19	0	0.032393358	0.011679853
C25	cluster1	0	0.067316892	0.029540391	0.03651494	0.025847167	0.042213215	0.030403558	0.020624517	0.004187755	0.101176406	0.076225851	0.028907878	0.01604529	0.038208601	0.002561193	0.001040186	0.059253548	0.001138375	0.037120176	0	0.005646862	2.05E-20	0.001859016	0.010118208	0.02927957	0.000671543	1.23E-18	0.00217418	0.001649998	0.018351898	0	0.004890571	0	0	0.007394297	0.009934371	0.003434635	0.004173238	0.014952148	0.066422028	0
C26	cluster2	0.0057617	0.144618153	0.024849746	0	2.24E-18	0.002992934	0	0	8.44E-21	0.056482397	0.059932429	0.013890937	0.003197892	0.080512796	2.26E-19	0.003063197	0	0.003601158	2.55E-18	0	0.004274431	0.001445732	0.004090056	5.64E-21	0.064963919	0	0	0.002273391	0.002898096	0.044758265	0.005562061	0	0.014205017	0.006697137	0.018856251	0.027595333	0.008785398	0	1.19E-19	0.03963973	0.003948519
C27	cluster2	6.63E-19	0.052916171	0.043446476	0	0	4.81E-18	4.11E-18	1.41E-18	3.39E-05	0.090734792	0.078776252	0.030200134	0.003180783	0.058792598	1.24E-19	0.003999899	0.03103576	0.004394152	0	0	0.00797498	0.000504984	0.003024523	0.004837643	0.025014626	0.004276669	1.23E-18	0.002834934	0.002331053	0.004693686	0.004091855	0	0.015624447	0.006524316	0.03039647	0.00698899	0.001535293	1.31E-18	0	0.080622836	1.00E-17
C28	cluster2	0	0.053519256	0.021738262	9.03E-20	3.04E-18	0	1.29E-18	0	3.31E-19	7.11E-19	0.000626133	6.87E-18	0.003537707	0.063937681	3.63E-19	0.004212242	1.83E-19	0.005490246	2.38E-18	0	0.002527958	0.001395052	0.000541348	0	0.025996691	0	1.71E-18	0.00239503	0.001135485	0.006490546	0.010592636	2.98E-18	0.037645143	0.002783333	0.03633234	0.034307511	0.001480603	1.43E-18	0	0.023674668	0.012685608
C29	cluster2	0.009063879	0.026622623	0	1.97E-18	2.25E-18	6.33E-18	5.76E-18	4.29E-18	0	1.04E-18	0	0	1.98E-19	0.046404201	0	0.007201997	1.55E-19	0.00623827	9.22E-18	0	0.016512866	0.010603894	0.005787381	0	0.015995128	0.006016747	0	0.008785847	0.000654699	0.002944072	0.009775987	9.23E-18	0.015156028	0.001953603	0.017190106	0.065020502	0	6.03E-18	1.38E-20	0.028012033	0.003870716
C3	cluster2	0.044864473	0.027497965	0.04131288	2.34E-18	5.13E-18	1.55E-18	0	8.85E-19	1.06E-19	0.054768593	0.07802698	0.026097687	0.01168463	0.013510932	0	0	0.010604036	0.00262027	0	4.95E-19	0.010778167	0.008887441	0.004103084	0	0.011469431	0.012918539	3.11E-18	0.004142389	0.000481259	0.010820445	0.00867114	0.001477324	0.043720744	0.028488552	0	0	0	1.36E-17	0.019487035	0.042093033	0
C30	cluster1	0	0.151317695	0	0.002579551	3.22E-20	0	0	0	0	0.06121607	0.055557227	0.01644937	0.007386799	0.087981481	0	0.00291987	0	0.001209136	3.24E-18	3.09E-19	0.006386419	0.002385205	0.002668741	0.002617322	0.070583523	0.013513851	8.02E-19	6.19E-21	0.006231109	0.02636161	0.000972682	0.017792618	0.009826604	0.009880456	0.025326772	0.061749431	0.002467962	8.63E-18	8.38E-19	0.067953405	3.61E-19
C31	cluster2	0	0.092379235	6.10E-23	0.001994322	0	2.36E-18	0	0	0	0	0.008621368	3.16E-18	0	0.079167881	1.66E-19	0.011985634	0.054783014	0.004553268	0.033380632	0.000322828	0.007745558	0.001347822	0	0.002164121	0.039635735	0.02032062	2.88E-18	0.00443814	0.002971607	0.012860448	1.05E-21	0	0.000388594	0.007395332	0.047745133	0.060655641	2.85E-19	4.02E-18	7.92E-18	0.060264594	0.000733392
C32	cluster2	0	0.010036642	0.099008331	0	0	0.000122202	0	4.01E-18	0.019267939	0.015250457	0.02551696	1.22E-18	3.16E-18	0.055141876	0	0.002431344	0	0.007927285	1.48E-18	1.12E-19	0	0	6.40E-19	9.94E-20	5.76E-18	0	0	0.000709293	0	5.28E-21	2.01E-19	0	0	2.50E-18	0.006934467	0.115257584	0.001774156	4.97E-18	0.013114274	0.031074885	0.02173207
C33	cluster1	0.010723848	0.093507445	0.024755043	7.08E-19	0.003199938	0	1.23E-18	0	0	0.035767917	0.0349243	0.01652147	0	0.049702603	0	0.003611569	0.004484518	0.004548141	0	4.26E-20	0.005666064	0.006356514	0.003736455	0.00565225	0.055669475	0.025661227	0	0.005652948	0	0.003043668	0.003019643	0.002577222	0.00382805	0.023898083	0.042758919	0.08382509	0.010981733	0	0.038790132	0.035733048	0
C34	cluster1	0	0.112936133	0.019149153	0.013130625	0.008643179	0.023211384	0.027946759	0.00281548	0.000594102	0.088605835	0.082849789	0.026082564	0.085829182	0.066297663	0.005239686	5.43E-21	0.070608414	0.002906876	0.084280437	0	0	0	0.002457516	0.012659389	0.052725918	0.025667974	6.72E-19	0	0.006947371	0.030571432	9.99E-19	0.004311296	0.005116832	0.009281791	0.00995943	0.015967455	2.36E-20	7.98E-19	9.99E-19	0.044245957	0.013804064
C35	cluster1	0	0.091630648	0.038316135	0.004782932	0	0.003335635	1.68E-20	8.13E-19	2.55E-19	0.034104635	0.05242035	0.007546409	0.004818638	0.109840767	0	0.001702246	0.033464189	0.004397867	2.16E-20	1.14E-19	0.003769071	0.000380735	0.000804969	0.003183388	0.03501264	0.018093178	0	0.002395345	0.00158087	1.37E-18	0.003488549	0.000271305	0.004837908	0.010174207	0.08025459	0.021036499	0.007063473	1.71E-18	0.009747687	0.092592326	0.004785327
C36	cluster2	0.000208845	0.037162338	0.051247312	0	4.66E-19	6.55E-18	1.01E-18	0	1.93E-19	0.021993049	0.025016924	0.010530096	0.004305778	0.051972928	0	0.00526	0.021576734	0.004572234	3.14E-18	0	0.012262315	0.001798243	0.003091391	0.002772877	0.013582039	0.006817353	0	0.00401583	0.000676969	0.00473154	0.005159472	1.92E-20	0.008471442	0.005820738	0.024296752	0.035393105	0	0	0.003778508	0.044284137	0
C37	cluster2	0	0.056892611	0.0289949	0.004419206	0	0	0.000266636	0.000762213	3.98E-20	0.070868545	0.066061871	0.031667844	0.034008399	0.060997451	0.000476002	0.000428921	0.010662733	0.003847931	0.01917473	9.24E-20	0	0	0	0.003291316	0.020886175	0.00179083	1.44E-18	1.64E-19	0	0.006572425	0.004632996	0.026267484	0.039693099	0.005072208	0.00488425	0.045128365	0	2.40E-21	0.003566544	0.050632733	0.00415973
C38	cluster2	0.002577027	0.060086094	0.02864292	0	2.83E-18	0.000209376	0	7.29E-18	0.001381597	0.013511987	0.018251929	4.61E-19	6.37E-19	0.07048652	1.33E-19	0.000314641	0	0.009327329	1.95E-18	0	0.003021864	0.001682181	1.16E-19	3.62E-19	0.031981005	0.007944329	3.59E-18	0.003012817	0.000724671	0.009320636	0.008630612	2.35E-18	0.038396076	0.011888753	0.04482826	0.014108592	0.001060224	0	0.002754313	0.045129637	0.005010832
C39	cluster2	0.048456154	0.032953247	0.022320487	0.001919107	6.86E-19	0	4.65E-19	0	0.001442282	0.003238911	0.013043063	1.21E-18	0	0.069312197	0	0.008993702	0.023575097	0.005117382	0.013790253	0	0.021975168	0.009989522	0.00405002	0.000946097	0.016104667	0.034609385	0	0.008002087	9.33E-20	0.001047692	0.005064805	0	0.020440045	0.009285157	0.029531457	0.028851004	0.008033584	0	0.02005444	0.074582571	0.005096597
C4	cluster1	4.01E-18	0.211031978	1.75E-18	0.0266941	0.024889595	0.032437179	0.022716775	0.00803573	0.00193424	0.137363986	0.09871964	0.053149501	0.088599416	0.077174366	0.003482836	0	0.021035781	0.000905935	0.041918573	0	0	4.64E-19	0.002332214	0.010789127	0.107274117	0.025824977	1.15E-18	0.00071885	0.002560038	0.064102731	0	0.029284396	0.011721223	0.008545608	0	0.032624863	0	0	0.02254034	0.033744891	5.02E-20
C40	cluster2	0.003712399	0.025890553	0.019566196	0	0	2.03E-18	4.29E-19	0	0	0.004245237	0.020152267	0.004290031	0	0.063093824	0	0.003387091	0	0.002796871	0	3.92E-20	0.011045886	0.006091864	0.000880746	8.07E-21	0.003873349	0.002413086	2.11E-18	0.000305507	0.00215838	0	0.008741209	0.011410355	0.011174879	0.012873956	0.038776043	0.027160487	0.002470467	3.85E-18	0	0.058880363	0.001575366
C41	cluster2	0	0.050392354	0.006399387	0	0	2.52E-18	5.27E-05	1.94E-18	0	0	1.78E-19	1.31E-18	0	0.075925915	1.12E-18	0.011312465	0.000874407	0.005570071	0	0.000801956	0.011258015	0.006771479	0	0	0.030034594	0.024415929	0	0.016455935	0.002060852	0	0.01333368	0	0.027465094	0.00427653	0.029413384	0.03063158	0.004115115	3.54E-18	0.00814719	0.014115365	0.010103092
C42	cluster2	0	0.15013051	0.034037331	0.006564891	0	1.38E-19	1.74E-19	0	6.17E-22	0.031027755	0.03401909	2.47E-19	0.017098544	0.078641346	0	0.001647992	0.007441965	0.002790585	0	4.38E-19	0.003813065	1.15E-20	0.001749595	0.004345794	0.08102857	0.021625293	0	0.000671612	0.000368966	0.031243904	0.007660499	0	0.010357654	0.003076333	0.037123742	0.046798211	0.002352239	1.16E-17	0.000455991	0.098810246	0
C43	cluster2	0	0.005652659	0.048778196	1.34E-19	3.89E-18	3.94E-18	4.41E-18	3.69E-18	0	2.48E-18	1.00E-18	2.40E-18	0	0.018396642	0	0.009733883	0.047588399	0.012297337	0.004417651	3.01E-19	0.005467416	0	0	0.001197947	0.007866913	0.011711267	3.13E-18	0.015267358	0.004453095	0.011933911	0.008062847	1.71E-18	0.013446892	0.003360038	0.001207467	0.053892867	0	2.80E-18	1.09E-19	0.049329425	4.26E-18
C44	cluster2	0.003076162	0.132010729	0.00188836	0.005557646	1.46E-18	0.001198358	0	0	8.78E-20	0.015025634	0.025146074	0	0.063441941	0.081561142	0	0.005278576	0.000273855	0.002424886	0.003242947	3.56E-05	0.022704179	0.003726671	0.013627259	0.004210189	0.06180857	0.000519691	0	0.003177031	0.001232615	0.031153896	0.00627761	0	0.008095848	0.010760786	0.007416143	0.052571112	9.99E-19	7.99E-18	5.18E-18	0.035903882	0.002246049
C45	cluster2	0	0.070082873	0.054262537	0.004342135	0	0	2.24E-19	0	1.15E-19	0.03581836	0.053517302	0.000417733	0.005391176	0.037835482	1.59E-19	0.005130315	0.025775415	0.008580934	0.020577049	4.51E-20	0	0	4.14E-20	0.003507022	0.033341751	0.004811317	2.42E-18	0.001469538	0.004091004	0.024548539	0.002002658	0.006729309	0.023933051	0.002754403	0.011963567	0.055453514	0	1.69E-19	8.53E-18	0.050025952	0.012588722
C46	cluster2	0.005294476	0.102901485	0.015385179	0.003116991	0.010766553	0.021446004	0.010110331	0.037947198	0.007889398	0.103438304	0.075557289	0.022031716	0.087315289	0.044648974	0.001368925	0.001849996	0.00212814	0.006329037	0.016038576	5.40E-19	0.005975995	0.00215194	0.006704199	0	0.063180227	0.035475444	0	0.005534036	0.000346021	0.034479554	0.006518333	0.006320304	0.051519708	0.007890622	0	9.06E-20	0	3.80E-18	0.032034406	0	1.65E-18
C47	cluster2	0	0.093685526	0.042644137	0.00503869	0	0.011087687	0.0067727	1.14E-18	0.001344397	0.07077569	0.060624521	0.010106911	0.01876981	0.06833012	6.49E-21	0	0.002621334	0.003724225	0.000924714	0	0.006081022	1.55E-19	0.003475295	0.002398581	0.052374439	0.012285233	0	0.000622737	0.002474912	0.016944798	0.00612953	0	0.016589172	0.00257817	0.017519046	0.00944437	0	2.09E-18	0	0.091378752	0.011211573
C48	cluster2	0.009249207	0.047835479	0.059427556	0	4.82E-18	2.70E-18	0	1.84E-17	1.98E-19	0	8.17E-19	2.40E-17	1.91E-19	0.040159754	1.00E-18	0	0.018503781	0.006088455	0	0	0.017790694	0.010581066	0.002716279	0	0.039209526	0.022967933	1.27E-18	0.012122174	0.003630321	0.009349776	0.012395255	8.68E-18	0.032619258	0.004227544	0.020590205	0.010003689	0.031026073	1.47E-17	0.049031963	0.012904888	0
C49	cluster2	0.06537037	0.057014633	0.090328568	0	9.25E-20	6.60E-18	0	0.020818667	0.003187205	0.078167861	0.063386009	0.059854763	0.034151986	0.02479911	0	0	0.033315107	0.001945847	0.059140754	1.08E-18	0.020044928	0.019417891	0.00332874	0.001010551	0.065814937	0.080143947	1.68E-18	0.033510703	0	0.012725251	4.96E-19	0	0.083935628	0.032785303	0.010203716	0.022011546	0.024204205	0	0.154328904	0.003012225	8.42E-18
C5	cluster2	0.001927029	0.113365313	0.003836023	0.002903816	0	4.21E-22	0	3.77E-18	0	0.067143413	0.081627049	0.014012064	0.013637666	0.060685713	0	0.002996789	0.000732858	0.005367446	0.002685052	3.52E-19	0.00949303	0	0.007029769	0.000843752	0.052119516	0.004049003	0	0.000211757	0.002115129	0.02858475	0.007001627	0.003918733	0.038723823	0.022722364	0.01925946	0.023432123	1.81E-18	7.62E-19	0	0.068439574	1.41E-20
C50	cluster2	0.01083015	0	0.035654408	0	5.67E-20	0	1.13E-17	0	0.011117098	0	1.73E-19	1.05E-18	0.000970057	0.014143039	2.45E-19	0.012838558	0.036489093	0.004582909	0.036701809	1.12E-19	0.012517662	0.001221513	0.005606992	0.00381112	0.021290463	0.071434785	9.50E-18	0.019651116	0.00892308	0.00264782	0.003311217	0	1.88E-18	0.001386448	0.020585354	0.003972353	0.018868282	2.16E-17	0.076697701	0.06701816	5.23E-18
C51	cluster1	0.040930355	0.039007248	0.04770146	1.86E-20	0	0	1.06E-18	4.71E-19	0	0.028096141	0.027558352	0.021225509	0.033445263	0.043595706	0	0.001386187	0.023474274	0.00325416	0	3.16E-20	0.024398717	0.012143213	0.00907849	0.004940183	0.024850819	0.003656357	0	0.002452043	0	0.003216937	0.000894493	0.005913647	0.035343771	0.010561974	0.007041097	0.064494462	0	0	0.037669265	0.009035997	0
C52	cluster2	0.024080746	3.42E-20	0.04997331	5.94E-19	6.62E-19	0	0	0.004033582	7.99E-19	0	0.006964712	0.013387742	0.008601782	9.76E-19	5.25E-20	0.0019549	0	0.006471324	0	5.82E-19	0.018132589	0.013154206	0.008702905	0	0	0.007421237	4.95E-20	0.00176623	0.001374142	0	0.008912431	0.020387513	0.028018044	0.029278708	0.000433854	0.00696162	0	3.54E-20	0.018427369	0	5.06E-21
C53	cluster1	0.003494671	0.139806703	0.030418266	0.025086567	0	0.023223892	1.01E-18	5.55E-19	2.36E-20	0.141651073	0.134846738	0.051346857	0.012820776	0.069480268	0.000142936	0	0.013973638	0	0.005984676	0	0.000759765	0	0.002524604	0.005229238	0.05984117	0.005367422	8.15E-18	2.59E-19	0.002862273	0.037717528	0.003655185	0.02748441	0.000789446	0.003946116	0.016904289	0.02374913	0	6.84E-19	9.97E-18	0.127489197	0.003585451
C55	cluster2	0	0.068069939	0.022717685	0.000825596	1.75E-18	2.59E-19	6.69E-19	0	4.14E-19	0.003404501	0.015477332	0	6.00E-19	0.062893118	0	0.003188476	0.022336618	0.002127169	2.36E-18	3.10E-21	0.004318971	0.001692583	0.00070886	0.000475413	0.028894879	0.005544765	2.12E-18	1.81E-22	0.000482164	0.009347093	0.009347473	5.14E-18	0.037329541	0.006178214	0.021718319	0.03800241	0	3.84E-18	0	0.050007222	0.013653018
C56	cluster2	0.02253518	0.098826685	0.096690812	0	1.84E-18	0	0	0	0	0.052539189	0.053917803	0	0	0.054627642	6.40E-19	0.000950605	6.64E-19	0.00432503	1.27E-19	0	0.003634093	0	0.006216385	0	0.05040887	0	7.30E-18	0	0	0.016619834	0.002531016	0	0.034386325	0.012980036	0.028314307	0.041129894	6.64E-19	2.02E-18	0.01402186	0.012562698	0.006031715
C57	cluster1	0	0.171623708	3.85E-18	0.012191421	0.056309819	0.042951997	0.005474464	0.017550121	0.002153395	0.26339731	0.204976675	0.085786361	0.030606273	0.102170741	0.000567716	5.63E-21	0.008680226	0.001278239	0.011456701	0	3.56E-19	5.60E-20	0.001736099	0.003627549	0.083522683	0.019457176	0	0.001680018	0.001202337	0.026249393	0	0.012726293	0	0.004586858	0.029354729	0.023215917	0.003098303	0	0.031904072	0.063815831	9.94E-18
C58	cluster2	0.045563596	0.166573949	0.077802852	5.40E-18	0	5.54E-18	1.05E-19	0.031983341	0.000696489	0.114441967	0.1090054	0.090219684	0.016189146	0.092387383	8.37E-20	0	0.028954958	0.004453859	0.022893417	3.45E-18	0.007956569	0.016744096	0.000643384	0.000409787	0.123131881	0.106257099	1.35E-17	0.018699821	0	0.025723854	0	3.40E-18	0.083995314	0.032858764	0.060678253	0	0.047671959	1.62E-17	0.217070124	6.47E-19	1.68E-17
C59	cluster1	0	0.209025849	4.28E-18	0.052328538	0.039046982	0.075420143	0.073814729	0.028592431	0.00963037	0.162349306	0.146441296	0.015628604	0.054419399	0.089951059	0.00164062	0	0.00815873	0.002295474	0.024824109	0	1.06E-19	7.09E-20	0.000308639	0.000600627	0.095743019	0.001847891	0	2.61E-19	0.003102853	0.066471115	0	1.11E-18	0.01301854	0.000984063	1.47E-18	0.003445521	1.38E-18	1.67E-18	0.003115068	0.0198677	0.012465824
C6	cluster1	0.005385193	0.088272326	0.018739242	0.030722234	0.015934545	0.037959012	0.011368306	0.037274548	0.007278489	0.189045297	0.178623011	0.052821193	0.036733258	0.058833334	0.000675924	8.23E-21	0.029694223	0.002692993	0.009345552	0	0.002004599	1.79E-21	1.09E-19	0.00764649	0.048323462	0.031408577	3.09E-18	0.002575801	0.000995092	0.014737949	0	0.002123174	0.005396655	7.23E-20	0.024932572	0.031447727	0	0	0.03085383	0.088618906	1.04E-19
C60	cluster1	0.008024263	0.023316838	0.019975281	0.042820218	0.05439289	0.066824009	0.038436361	0.076729154	0.012745386	0.245731271	0.170196207	0.098748447	0.069297899	0.012353244	0.001165243	1.17E-20	0.018778019	0.000860863	0.013908623	0	4.99E-22	0	3.84E-05	0.004184358	0.022039969	0.052205001	0	0.002839587	0.000600026	0.003989979	0	0.017064459	0	0.002784958	0.003750806	0.011347694	1.23E-19	0.000352039	0.072274679	0.044340897	1.24E-17
C61	cluster1	1.94E-18	0.14465431	4.42E-18	0.042992647	0.02223681	0.044615157	0.012996359	0	0	0.089968589	0.091266304	0.037503319	0.046984871	0.079168628	0.001946768	0.000451054	0.017128092	8.22E-22	0.036973961	2.06E-19	0.00160166	0.000374306	0.004506522	0.004084223	0.071546079	0.024288701	2.97E-18	0	0.003182368	0.024561669	0	0.044803911	1.01E-18	0.02669667	0.023812114	0.027222217	1.61E-19	0	0.006351814	0.119593301	0.001272306
C62	cluster1	0.008764936	0.053230551	0.031442404	0.030015599	0.038264483	0.056964494	0.051755299	0.031005858	0	0.044754134	0.055560711	0.002578843	1.85E-18	0.012080636	0	0.004285469	0.003966519	0.004733907	1.26E-18	0	0.009754997	0.005751229	0.005220915	0.001957853	0.024646556	0.010650523	0	0.005238432	0.000299372	0.018621923	0.003430735	0.002454507	0.011502424	0.021223678	0.00397402	0.046315484	0	0	0.034275508	0.025610305	0.00021447
C63	cluster1	3.67E-19	0.266910307	1.99E-18	0.015669389	0.005208855	0.017638676	0.009076167	1.61E-19	1.68E-18	0.030518297	0.035546604	5.43E-18	3.00E-19	0.072897764	2.51E-19	0.000666949	1.41E-18	0.001034202	0	0	0.002375199	0.001453383	0.003444187	0.000897837	0.115542969	0.012105911	0	0	0.00291875	0.088585354	0.00215223	0	1.54E-19	0.016037434	0.021465955	0.063453426	0.008108589	0	0	0.039371809	1.77E-18
C64	cluster2	8.49E-20	0.092727059	0.029754722	0	0	4.21E-18	0	0	9.02E-20	7.44E-18	0	0	0.006288237	0.068063852	0	0.000396212	0.01811652	0.001814838	0.019313837	2.78E-22	0.006697283	0.003005382	0.001523692	0.000604427	0.047448139	0.001246456	0	0.005334039	0.006049459	0.034707943	0.013002803	0	0.014489934	9.07E-19	0.005103586	0.004916557	0.001441088	3.24E-18	0	1.89E-19	0.004440673
C65	cluster1	0.006803029	0.085150644	0.015931261	0	1.29E-18	1.90E-19	0	0	0	0.07737159	0.072724058	0.041311086	0.020456726	0.049587004	0	0.001747695	0.008422545	0.00285325	0.005330927	2.74E-19	0.008925387	0.004595245	0.004679068	0.003811605	0.037662922	0.010799928	0.000213303	0.002931217	0.003816582	0.019822173	0.008211232	0.01745315	0.01401416	0.026010256	0.019403859	0.018196901	0	0	0.016537252	0.024236679	1.32E-18
C66	cluster1	0.102709156	0.205477539	0.01682078	7.49E-19	0.003321907	0	2.73E-19	3.81E-20	0.007430696	0.099321696	0.077423097	0.061589133	0.016507402	0.040231036	0	2.14E-19	0.001635036	0.001947783	0.001357243	1.28E-18	0.018827826	0.025932176	0.003062345	0	0.125814885	0.035661961	0.00080939	0.010178876	1.65E-19	0.053058697	0.001271764	0.004484064	0.037717382	0.048992814	0.022715485	0.036534084	0.006860389	0	0.117013952	6.59E-18	0
C67	cluster1	0.005716224	0.134194172	8.06E-20	2.94E-18	0	0	0	1.16E-18	1.07E-21	0.05283888	0.085285882	0.049888021	0	0.072317285	1.12E-19	0.00380574	0	0.0074999	3.30E-18	3.60E-18	0.006102804	0.011620658	0	3.85E-20	0.08601945	0.051425685	0	0.016198332	0	6.81E-18	0.001946065	0.004817309	0.005740886	0.030078626	0.200896124	0.032594944	0.046404317	0	0.133318474	0.143478845	8.38E-18
C68	cluster2	0.040712076	0.084442388	0.079897967	0	0	1.00E-17	1.18E-17	0	2.37E-20	0.043306684	0.033717398	0.059722407	0.000318149	0.076924284	2.64E-19	3.85E-20	0.018085987	0.005072992	5.41E-18	0	0.024211947	0.026246958	0.001233748	0	0.069397477	0.072339042	5.62E-18	0.028160925	0	6.30E-20	0.001649867	4.20E-20	0.050358909	0.019556658	0.047177787	0	0.063729583	0	0.174440501	7.58E-19	9.54E-18
C69	cluster1	0.00472624	0.111568705	0	0.018842609	0.019708048	0.031891821	0.001142284	0.01590296	0	0.105045269	0.098040429	0.051800357	0.037088428	0.077277445	0.002527748	2.72E-20	0.01754375	0.001232472	0.031278777	0	0.005651774	0.003637443	0.004618301	0.009584517	0.046670929	0.01739406	6.50E-19	1.94E-20	0.003212076	0.013638641	5.70E-19	0.048131035	0.001217513	0.021827938	0.044948895	0.017004115	0.000997871	0.00340002	0.011840417	0.075761575	1.04E-18
C7	cluster1	2.16E-18	0.162085894	0	0.051985733	0.044922193	0.070207939	0.024099095	0.060392913	0.003495753	0.199888208	0.167276554	0.063386799	0.015009216	0.085692732	0.001710941	7.58E-20	0.017255317	0	0.026513113	1.75E-19	0	0	0.001332323	0.005244758	0.079049098	0.017662287	7.03E-19	0	0.00220089	0.037429431	3.51E-18	0.028399695	5.78E-19	0.007754785	0.038172922	0.022261504	0.000519664	0.007283514	0.013683095	0.072883927	1.88E-18
C70	cluster1	0.045979529	0.066614099	0	0.01236244	0	0.016514089	0	0.006471043	1.44E-21	0.111833207	0.098453132	0.068086542	0.023889235	0.032744581	0.000523285	0.001332539	4.90E-19	0.00125465	0	0	0.016491368	0.012539701	0.012989613	0.002116908	0.028117268	0.013904005	0.000446712	0.000519667	0.001356595	0.012507054	0.001674147	0.03799059	0.006913965	0.038828786	0.011674064	0.013513107	0	0.006819172	0.033064827	0.026675229	0.01228444
C71	cluster2	0.003539183	0.05387079	0.013558671	0.004554138	0	0.002439549	8.45E-19	0	0	0.015586491	0.027539505	0	3.66E-18	0.056307258	1.29E-19	0.00332572	0.029903288	0.001906802	5.54E-18	0	0.003064447	0.00079256	0.000120366	0.001662376	0.019542306	0.026253999	4.14E-18	0	0	0.015397725	0.005964456	0	0.01291176	6.67E-20	0.016330037	0.058951207	0	0	1.49E-18	0.101004282	0.002522952
C72	cluster1	0.022047417	0.129387928	0	0	0.012656364	0.003081973	0	0.032285609	0.006282364	0.193455845	0.170559372	0.129263786	0.040463787	0.039525922	0.005196388	0	0.057726255	0.000318993	0.096050145	2.37E-18	0.005056483	0.009351073	0.005347201	0.007799674	0.088256675	0.066169841	0	0.010606776	9.89E-21	0.031002315	0	0.044369327	0	0.027697153	0.027806255	0.006050817	0.003304616	1.14E-18	0.155901547	0.009334863	0
C73	cluster1	0.024590422	0.115563238	8.56E-19	0.035619882	0.039735284	0.063479966	0.041235389	0.014894184	4.28E-19	0.060345357	0.061547413	0.047618255	0.069952559	0.040097267	0.001723017	3.55E-20	0.00097034	0.00014587	0.014678342	1.04E-19	0.013339464	0.011295916	0.01752184	0.00407726	0.051822069	0.013756846	0.002549694	0.0012281	0	0.037535863	0	0.048527897	0.005180961	0.034594316	0.003951364	0.001471567	7.29E-20	0.00280033	0.026686326	0.018027113	0.015128183
C74	cluster1	5.67E-19	0.158087808	0.011629166	0.007000543	0.002541593	0.014617141	0.042557338	0.005512192	9.11E-20	0.01164366	0.005163957	0	0.011943899	0.115811215	5.05E-22	0.003043168	0.050437932	0.001840849	0.014372285	0	0.013104485	0.001010762	0.003021747	0.01582259	0.068107121	0.021726624	0	0.002879823	0.002609124	0.031933519	0.0010664	1.05E-17	1.18E-18	4.61E-19	0.026648973	0.015924629	0.006646519	0	0	0.023409324	0.007671528
C75	cluster2	0.005428644	0.078415151	0.023537125	0	0	3.82E-18	0	0	1.98E-19	0.037922374	0.050642529	0.025410427	0.013499687	0.034495587	0	0.006329797	0	0.001485815	0	0.000429763	0.013450872	0.004235245	0.010650396	0.002550063	0.037745478	0.001321519	0	0.000914596	0.000215701	0.021392532	0.009359614	0.027137703	0.022088915	0.017999458	0.00754145	0.053106732	0	6.06E-19	0.004027959	0.028540611	1.84E-18
C76	cluster2	0.002230124	0.015877873	0.006944066	0.002740983	0	0.006682641	1.22E-18	8.00E-19	0	3.75E-19	0.003234056	6.16E-20	3.29E-19	0.029303693	0	0.011293526	0.008284279	0.0013479	0	8.46E-20	0.062580826	0.02196019	0.01088825	0.000599317	0.000847365	0.009019642	7.30E-18	0.003441529	0.004048764	0.010461497	0.007151427	2.10E-18	0.008497132	0	0.000638627	0.000436281	3.17E-18	9.18E-19	4.25E-20	0.030139739	0.020080904
C77	cluster2	0.00868231	0	0.026489219	0	0	6.43E-18	3.60E-18	2.64E-17	3.17E-20	0.018673806	0.037055437	1.14E-18	0	0	0	0.005404243	0.001067956	0.005834008	0	9.85E-20	0.016353565	0.007502466	0.002308613	0	0	0.011314614	8.75E-19	0.004644175	0.003472297	0	0.01109417	0	0.031014833	0.019675618	8.84E-19	0.043444358	2.02E-18	0	0	0.066099777	0
C78	cluster2	0.015948223	0.070529591	4.79E-20	3.35E-20	3.34E-19	0	0	0	8.27E-19	0.020776336	0.017127453	2.73E-19	0.059516016	0.047624729	0.000605505	0.000940366	0.000130364	0.004295487	0.02288732	0	0.024296501	0.00968987	0.015360381	0.004253473	0.031394436	0.003234361	0.007668067	0.00134913	0.002351662	0.015430813	0.007249116	0	0.026841873	0.010258746	0.003571948	0.027015414	1.11E-18	2.70E-19	0	0.012471863	0.006542186
C79	cluster1	2.81E-18	0.189575805	1.52E-18	0.013339831	0.01268685	0.019515965	0.005811115	0	0.003386104	0.171499174	0.137936352	0.057069942	0.06573846	0.053554363	0.001831095	7.77E-21	0.022474289	0.002575735	0.027797135	6.71E-21	0	3.46E-19	0.001118644	0.004223202	0.088949547	0.018602859	0	4.25E-19	0.003200399	0.07258944	0	0.031203526	0.022056115	0.001911536	0	0.01246262	0	0	3.32E-18	0.064612664	0.007220968
C8	cluster2	4.48E-19	0.01410654	1.89E-18	0	7.66E-18	8.62E-18	2.72E-18	0	0	5.86E-19	6.69E-18	2.62E-18	0.012306039	0.030243034	8.78E-19	0.006904052	0.037144936	0.002860597	0.005973876	7.42E-20	0.014365635	0.003928689	0.003012518	0.004309909	0.006309061	0	2.67E-18	0.00352084	0.001004415	0.012208838	0.008841037	2.03E-17	2.48E-19	3.90E-18	0.004496827	0.027640492	3.46E-18	0	3.59E-18	0.033478801	0
C80	cluster2	0.018229578	0.029374193	0.035834757	3.33E-19	6.39E-19	2.83E-18	0	6.05E-18	0	6.38E-20	0.014147968	2.50E-18	3.81E-18	0.006502152	1.20E-19	0.008044446	0.013047723	0.008748974	0	3.40E-19	0.015675622	0.013327536	0.002629283	0.000681804	0.018998495	0.018245142	3.30E-18	0.014936854	4.70E-20	0.007394459	0.010185146	3.83E-18	0.027344662	0.029535183	0.010513049	0.078477731	0	1.74E-18	0.028158472	0.013604073	1.25E-18
C82	cluster1	0.005077142	0.040123332	0.004403389	0.016933559	0.01731615	0.035118631	0.02899949	0.045797636	9.45E-21	0.087812554	0.082512907	0.041799397	0.080598969	0.022712663	0.001660005	0.000820043	0.004516863	0.001667176	0.014738214	2.18E-19	0.003499645	0.000757761	0.002417755	0.004160325	0.023483993	0.015847016	0.002965795	0.001340261	0.004261169	0.011949089	0.007401242	0.031026611	0.030024322	0.009425847	0	0.009605442	0	7.86E-19	0.010893255	0.018171154	0.006275189
C83	cluster1	0.029956026	0.024965035	0.043081619	0	0	3.08E-20	9.13E-18	2.36E-18	0	0.103105752	0.093908389	0.096638773	0.012607577	0.019921897	0	0.001091383	0.003934644	0.001004499	1.55E-18	2.65E-19	0.019315267	0.016455053	0.008641414	6.50E-20	0.011934576	0.016541517	0.00156488	0.006326713	0	0	0.008204313	0.043237636	0.016502344	0.042172525	0.022372577	0.007710339	0	2.04E-18	0.066146344	0.024501835	1.98E-17
C84	cluster1	0	0.003036994	0.023898186	0.040642294	0	0.054233789	0.019591252	0.06839288	0.006347047	0.070514547	0.07070643	0.041253373	0.017452821	0.010447669	2.11E-05	0.001486916	0.083007151	0.004453692	0.04077717	0	0.012110629	0.006707635	0.005044576	0.002348806	0.001601554	0.024976503	0	0.00550392	8.94E-20	0.000238258	3.71E-19	0.000519717	0.009178792	0.011929285	0.002025545	0	0	4.06E-18	0.040321408	0.091211106	0.074530552
C85	cluster2	1.88E-18	0.072695429	1.67E-19	0	2.08E-18	1.49E-18	4.11E-19	0.031760009	0.012012863	0.085735282	0.076307089	0.039480141	0.059895638	0.04529681	0.005648274	9.59E-21	0.07968839	0.004973292	0.175354605	1.60E-18	0	0.003884561	0.002960777	0.004236127	0.051113172	0.053898488	0	0.011957773	0.007989598	0.026999421	1.25E-18	0.01215516	0.039835326	0.02572011	0.006917483	0	1.11E-19	9.57E-19	0.060110635	0.012241495	1.33E-18
C86	cluster1	0.009068893	0.137849549	0	0.011577982	0.005978708	0.010544572	0	0.02209928	1.14E-20	0.083786452	0.074460339	0.046450419	0.017475068	0.065848665	1.60E-20	0.000715524	0	0.004088929	8.10E-19	0	0.008728701	0.005182079	0.007686675	0.003178468	0.074680854	0.026305421	2.48E-19	0.00188334	0.002001908	0.026435786	0.002555784	0.025590814	0.011860114	0.021511583	0.048702365	0.04681253	0.002674867	0	0.044834948	0.036942873	0
C87	cluster1	0	0.143831817	0.028321146	0.026597319	0.024458562	0.036608385	0.021754204	0.026450825	5.66E-20	0.11370822	0.104580478	0.046551666	0.073957365	0.053947392	0	0	0.006111886	0.001373036	0.011277253	0	0.010919108	0.002795985	0.011278625	0.003057677	0.073072085	0.024312671	1.13E-18	0.001683914	0.002501547	0.038801469	0.000487174	0.02386525	0.009853915	0.013255732	0.019854038	0.001876095	0	1.30E-18	0.023289156	0.048407329	1.19E-18
C89	cluster2	0.000982932	0.094605518	0.038481636	0	0	0	0.009515079	0	0	0.02692202	0.026186001	4.20E-19	0.060216843	0.071169586	0.00163976	0.00040182	0.029204144	0.002109509	0.016959845	0	0.006640058	0.000365915	0.007799846	0.006429209	0.041370091	0.003008467	4.03E-18	0.00040195	0.009397588	0.023253946	0.003881247	3.56E-18	0.021610397	0	1.36E-18	0.030902718	1.28E-19	0	9.68E-19	0.008734226	0.01913067
C9	cluster1	0	0.114686934	0.009596024	0	0	0	0	1.13E-18	3.34E-19	0.026020345	0.031676917	0.003520461	0.005110631	0.085094573	1.45E-20	0.00544391	2.65E-20	0.001456102	3.68E-18	4.62E-19	0.011474515	0.006871023	0.001495376	0.002162604	0.050716391	0.016726501	0	0.00460048	0.003264515	0	0.004416073	0	0.006401057	0.004868152	0.112949307	0.017787125	0.02270274	8.77E-18	0.00564923	0.072045117	5.81E-18
C90	cluster1	1.74E-18	0.117308909	0.009868454	0	5.92E-19	0.003422903	0	0	0.008370949	0.151804543	0.149399768	0.065766052	0.000772244	0.105617484	3.23E-20	0.000155281	0	0.002913375	8.01E-19	8.47E-20	0.001958023	0.001033184	0.001229617	0.000879931	0.060986236	0.022482204	0	0.002512595	0.001569319	0.000596838	0.006545114	0.017537374	0.008632599	0.00733282	0.076992691	0.006673023	0.017534326	2.15E-18	0.018421803	0.11556547	5.80E-19
C91	cluster1	0	0.126775908	0	0.024658861	0.039286426	0.045463552	0.014094925	0.077520471	0.025933616	0.276073057	0.225581919	0.077050441	0.039184089	0.041281668	0.000644288	0	0.040793475	0.002778218	0.05978772	5.43E-20	0	0	5.04E-20	5.87E-19	0.079504211	0.031270076	7.62E-18	0.00645966	0.000266849	0.045579325	1.76E-18	0.004988648	0.005168391	0.005337303	0.005589237	0.007833476	1.34E-18	0	0.037323261	0.047247333	0
C92	cluster2	0.004502284	0.072184232	0.043647345	3.75E-19	0	2.69E-18	6.27E-19	0	0	4.81E-20	0.009963441	0	0.017512172	0.042261328	0	0.00458303	0.019656399	0.00229632	0.008292562	2.25E-19	0.024103303	0.008385768	0.006702649	0.001195052	0.037163444	0.007146643	1.45E-18	0.011840124	0.005909639	0.027649115	0.010170381	2.02E-18	0.007260793	0.003567773	0.003916439	7.11E-05	0.011508285	0	0	0.042331337	0
C93	cluster1	0.071420287	0.174760328	9.19E-19	8.70E-23	0	0	7.77E-19	5.03E-19	0	0.025758639	0.039469607	0.036968188	9.44E-19	0.088289486	1.27E-18	0.004973948	2.11E-18	0.002406004	7.16E-18	1.79E-19	0.017358421	0.026306451	0.007380624	0	0.108172042	0.040702071	0.006455255	0.010450571	0	0.01703394	0.000999453	0.017393629	0.014725623	0.033281357	0.091690715	8.40E-19	0.033602855	7.90E-18	0.107864077	0.045404857	8.55E-18
C94	cluster1	0.000962408	0.101007699	2.40E-17	0.012621117	0.060482008	0.060970859	0.025854712	0.069525157	0.024714546	0.339959627	0.259026199	0.141597652	0.002346488	0.047063622	4.27E-20	0	0	0.00199213	8.75E-18	7.82E-21	0	0	0.000611022	0	0.071542326	0.054022055	2.35E-18	0.009420689	1.20E-19	0.026213076	6.71E-19	0.003789873	0.014887339	0.00956782	0.0372816	0	0.006362666	5.54E-18	0.154607801	0.021688119	0
C95	cluster1	3.59E-20	0.117428847	0.010503068	2.42E-21	0.006641027	0.015217072	0.007928818	3.87E-20	2.98E-19	0.074144117	0.076997615	0.014629633	0.008758232	0.068670021	0	0.002239414	0.004111496	0.004021731	2.23E-19	2.01E-19	0.007027176	0.002235589	0.002264238	0.002769538	0.056616056	0.002550189	0.00078709	0.002083151	0.002622839	0.027835643	0.008854147	7.79E-19	0.008231646	0.002819777	0.024273281	0.018629011	0.006588406	5.32E-18	0.001260231	0.052470218	0.006383394
C96	cluster2	0	0.229653458	7.43E-19	6.00E-19	0.016003808	0.017886017	0.007882527	0.04722267	0.016939517	0.165409903	0.143743186	0.074673794	0.063536619	0.056610677	0	2.89E-18	0.035947047	0.00440679	0.066335644	0	7.71E-19	0.000850801	0.001034963	1.15E-19	0.171924222	0.05597222	2.65E-18	0.015629043	0.000693565	0.071655654	0	6.67E-18	0.026973321	0.037383443	0.019621927	0	0.014198605	5.74E-18	0.124080196	0.012007643	1.50E-17
C97	cluster2	9.06E-19	0.112538963	0.022829539	0	0	0	0	0	1.12E-20	0.022457444	0.030337343	0.01731731	0	0.073560863	0	5.16E-19	0.001354934	0.006619938	0	6.00E-19	0	0.001128048	0	3.59E-21	0.062430115	0.018358593	1.67E-18	0.006590348	0.005486238	0.013939258	0.010255314	0.013556559	0.040880513	0.01860543	0.066871451	0.003413364	0.018269004	6.10E-18	0.022628491	0.039532584	0
C98	cluster1	2.08E-19	0.020491829	0.030719386	4.09E-19	0.014335926	0.003146634	0	0.023372523	0.000227322	0.072757164	0.062605007	0.033413447	0	0.023375955	0	9.66E-21	0.018406551	0.004117773	2.78E-18	1.73E-18	0.011074063	0.00865402	3.67E-19	3.18E-19	0.022511159	0.027037894	1.36E-18	0.016376357	0.001276943	7.03E-19	0.005015397	1.44E-18	0.019204244	0.007601017	0.041174049	0.026185058	0.022267868	3.23E-19	0.071303059	0.022738234	1.36E-17
C99	cluster2	0.013958027	0.036060515	0.008344483	0	1.59E-19	4.06E-18	0	0.011632001	0.005677931	0.056315033	0.073104976	0.026290894	1.16E-18	0.024006375	2.07E-19	0.001145597	0	0.010997193	1.24E-17	9.34E-19	0.000280523	0.004977708	0	8.55E-20	0.04163331	0.030495019	1.47E-18	0.020126086	0	0.004454363	0.009588134	1.16E-18	0.073528913	0.013835637	0.025155005	0.056502242	0.00406856	0	0.035540499	0.057969364	1.32E-17
NC1	non_COVID_19	0	0.158291723	0	6.88E-19	0.041083571	0.027139606	0.031723958	0.058727574	0.012634634	0.139863233	0.110223605	0.042397432	0.069949536	0.036274151	0.002351288	0	0.031884198	0.006992132	0.115527872	1.01E-18	1.61E-19	0.001048057	0.003276502	2.22E-19	0.114005447	0.064119783	0	0.01803134	0	0.05527485	0	2.47E-18	0.037087291	0.015235863	0.011310336	0.011521488	0.001427321	0	0.084277715	0	0
NC10	non_COVID_19	0	0.030676475	0.037664352	0.0022078	0	0	2.94E-18	0.00695209	4.09E-19	0.002494124	0.015258395	0	0.032868642	0.015978811	7.46E-20	0.00223375	0	0.005467567	0.012258193	0	0.020822705	0.008744242	0.01003576	0.001332623	0.023811672	0.02119644	0.003301565	0.002971692	0.002493468	0.013998399	0.005967455	0.024060008	0.017883403	0.018213669	0.005444444	0.071000883	0	1.55E-18	0.023305962	0	0
NC11	non_COVID_19	0	0.103933399	8.99E-19	0	0.004720234	0.003166806	0	0.032343451	0	0.089733151	0.098089591	0.039993752	0.132572147	0.025381276	0.005537382	8.92E-05	0.057406231	0.002199739	0.094449296	7.49E-19	0.006111436	0.006015041	0.00658876	0.0030615	0.071974557	0.034169989	7.61E-20	0.005115401	0.001227077	0.032813679	0	0.017369867	0.019794124	0.033518615	0.002568897	0.010128543	8.47E-20	1.03E-18	0.043947718	1.30E-20	1.87E-18
NC12	non_COVID_19	0.012514289	0.066370734	0.031799941	0	0	8.08E-20	7.50E-19	5.18E-18	1.11E-19	0	0.005340315	2.02E-21	0.007244617	0.034129936	2.82E-19	0.00766275	0.013690737	0.002786696	0	4.34E-19	0.029104075	0.009841189	0.010239104	0.001911599	0.025457749	0.00624779	0	0.005303851	0.003685504	0.028041344	0.005508849	0.008494756	0.029550201	0.011233502	0.002821239	0.002948927	6.59E-19	3.85E-18	0.012853445	0	0.02017532
NC13	non_COVID_19	0.010752429	0.054475925	0.023154152	9.11E-19	0	0	7.58E-19	3.64E-21	0.003147425	0.07290761	0.060529839	0.017442165	0.016764307	0.021502636	2.88E-19	0.000251883	0.002503733	0.003468206	0	0	0.015433832	0.005100765	0.012667906	0.000715285	0.035271406	0.013633778	0.004729994	0.005355197	0.003869872	0.025423804	0.01005747	5.46E-19	0.065228378	0.004338699	0.000388114	0	0	2.76E-21	0.023463592	0.002437376	0
NC14	non_COVID_19	0.014864026	0.038699384	0.021827166	0	9.96E-19	0	0	5.78E-18	5.92E-19	8.56E-20	0	1.95E-18	0.024329137	0.033792305	4.71E-19	0	7.53E-20	0.002184477	0	0	0.008048906	0.006066742	0.001722139	0.000442723	0.0220264	0.008266413	1.99E-19	0.004140599	0.0074383	0.026498561	0.011693952	0	0.044851287	0.001087466	0	0.005737262	9.67E-18	0	0	0	0.020352425
NC15	non_COVID_19	0	0.052539126	5.71E-18	2.76E-19	0.012546781	0.012191481	0	0.060395715	0.009291157	0.242793964	0.20238835	0.143300248	0.046995403	0.029659797	0	3.99E-19	0.022313711	0.000763537	0.02414385	0	9.56E-21	0.001187589	0.003736324	0.003459911	0.033488747	0.041983993	2.58E-18	0.006166138	8.10E-20	0.023260329	0	0.054821063	0.004379323	0.017024983	0.002466537	0.00544935	5.91E-19	7.17E-19	0.073924304	0.032131454	0
NC16	non_COVID_19	0	0.244479421	0.023269226	7.58E-19	0	9.41E-18	0	7.07E-18	0	0	0.004858631	1.48E-18	0.002482976	0.077138501	5.79E-18	0.001306762	0.050029774	0.009033478	0.008834222	8.39E-20	0.009888767	0.003386323	0.004384976	0.000888356	0.124829788	0.009532288	4.43E-19	0.005579206	0.00022481	0.095371816	0.003539526	1.65E-18	0.031878458	0.001902635	0.014137828	5.23E-19	0.019653058	2.97E-19	0.017665104	0.004501663	0
NC17	non_COVID_19	0.003398837	0.14385869	0.007155364	0.006500817	0.015418636	0.022291703	0.025645263	0.003933132	0	0.04021921	0.046850478	0.016233587	0.043841546	0.048485301	1.75E-20	0.000456087	1.82E-19	0.003594861	0.014607892	0	0.012999765	0.004611275	0.012951406	0.002545176	0.07070582	0.004129129	0.006536324	0.001394883	0.002401998	0.054527676	0.008237415	0.016209078	0.022849778	0.020993272	0.001334865	0.00343892	0.000135528	0	0.005909536	0.006879511	0.008912759
NC18	non_COVID_19	0.012636943	0.00389219	0.028715932	0	2.20E-18	0	1.02E-18	0.010863638	0.003983865	0.042571673	0.0288278	0.022940206	0.034046906	0.008670369	0	0.003654462	0.019907711	0.005189392	3.66E-19	0	0.024708667	0.015622872	0.009302222	0.001175407	0.0088083	0.034979336	0.009406111	0.00970296	0.001842411	0.000811661	0.008055622	0	0.035003095	0.018557721	0.007095566	0.001054568	0	0	0.027412922	1.94E-18	3.79E-19
NC19	non_COVID_19	0.049031423	0.082736202	3.41E-19	0	0	3.32E-19	0	3.03E-18	1.24E-18	5.81E-19	2.45E-18	0	0.024630297	0.032902379	8.80E-19	0.009740613	0	0.005607502	0	0	0.028500719	0.026650779	0.01023648	0.000872698	0.044949421	0.018055323	0.015015609	0.015117232	0.001866523	0.034533638	0.010130957	0	0.031907171	0.000731261	0.002591033	0	0.004998448	2.01E-18	0.011627068	1.40E-18	0
NC2	non_COVID_19	0	0.02185576	0.013755923	4.24E-19	1.48E-18	6.68E-20	9.51E-19	0.023651403	0.007692138	0.072403557	0.076605002	0.029886323	0.022783844	0.027381461	6.30E-20	0.000794782	4.96E-20	0.004838174	2.86E-18	0	0.010192042	0.005192591	0.004261021	0	0.012713019	0.014090047	0.003458747	0.003532523	0.004192143	0.005204291	0.010762719	0	0.019047216	0.007223156	0.000231087	0.017159707	6.63E-20	0	0.014058099	0.036740513	0.001410664
NC20	non_COVID_19	0.003013558	0.041304345	0.036526798	3.87E-20	0	5.77E-19	0.012055823	0.010217258	0.002872895	0.112967129	0.095675574	0.054239318	0.005572871	0.017890599	0	0.004183902	3.12E-20	0.002896833	0	0	0.003264769	0.001033452	0.000208486	0.000880149	0.023289752	0.00997971	0	0.00590643	0.000211561	0.019721814	0.007007869	0.018586369	0.047800194	0.003757764	0.000175605	0.030063429	0	0	2.54E-19	0.055232255	0.019038228
NC21	non_COVID_19	6.01E-19	0.051767648	0.008665328	1.34E-18	0	0	0	0.055318717	0.016249837	0.171919983	0.133493338	0.078427759	0.084037094	0.009497738	0.00263856	0.000678135	0.058185885	0.007072922	0.07270545	1.04E-18	0.000365782	0.002361075	0.001375087	0.00261767	0.054630421	0.052652378	0	0.01207088	0.000502818	0.014517053	0	0.00641293	0.008893325	0.021062153	0.004883681	0.020365663	1.01E-20	0	0.070387907	0.008630776	8.56E-18
NC22	non_COVID_19	1.84E-19	0.231796563	0.020057952	0	0.004406166	2.18E-18	0.011119673	0.042106318	0.016694221	0.147991803	0.118047592	0.072834968	0.074162142	0.040890583	1.09E-19	2.36E-18	0	0.007695736	0.036080905	0	2.08E-20	0.003347005	0.004257117	2.11E-19	0.1654933	0.074888698	0	0.012987555	0.002622234	0.081234144	0	2.18E-19	0.058558026	0.040506333	0.016683183	0.001685347	0.022106721	2.78E-17	0.131283035	7.48E-18	2.22E-18
NC23	non_COVID_19	0.09636462	0.148547209	0	0	0.010179662	0.008838225	0.015984226	0.048206858	0.001223649	0.091211252	0.092582968	0.033121144	0.018067041	0.029674669	1.16E-18	0	0	0.007574595	0	2.13E-18	0.011450801	0.023881766	0.010294679	1.70E-19	0.113719741	0.043140576	0.000512556	0.014662871	2.39E-19	0.04664846	0.00176091	0	0.063016778	0.029657877	0.017822832	2.74E-18	0.006527879	0	0.082338345	2.35E-17	2.77E-17
NC24	non_COVID_19	0	0.219431652	6.53E-18	3.65E-05	0.029916953	0.025588264	0.021041932	0.036375734	0.005039708	0.172296103	0.135874338	0.061150751	0.118765547	0.051973786	0.002329688	0	0.015607745	0.003870662	0.032413404	8.76E-20	0.000696743	0.002288364	0.002118236	0	0.130811147	0.025680543	6.28E-19	0.004001705	0.001516666	0.077985805	0	0	0.016488455	0.020240065	0.004153978	3.70E-19	0.00790002	3.56E-18	0.040001583	0.011774389	0
NC25	non_COVID_19	0.022616611	0.211689461	0	0	0.000266613	1.57E-20	0.044613176	0.05198042	0.030022939	0.214417011	0.174480444	0.075497103	0.109886575	0.027190947	1.33E-20	1.75E-18	0.017421528	0.00535778	0.037379807	4.17E-18	0.000875552	0.008629485	0.002417841	0	0.169615	0.105880298	0	0.015870825	2.55E-19	0.071542771	0	0	0.065817824	0.033026951	0.039472052	5.59E-19	0.021698385	1.25E-17	0.182573516	2.99E-18	3.46E-17
NC26	non_COVID_19	0.054229507	0.010895943	5.96E-19	0	7.51E-19	1.01E-17	2.70E-18	3.45E-18	0.003369822	4.28E-20	5.68E-19	0	0	0.011322827	1.34E-18	0.045386864	0.008000686	0.006216817	1.07E-17	0.005094754	0.038407267	0.026884977	0.007454873	0.000200579	0.018311352	0.044085051	4.60E-18	0.051166552	0	0.012262124	0.001034116	0	0.015715598	0	0.003746279	0.066337453	0.013406081	6.82E-18	0.057550936	0.007391842	1.16E-18
NC3	non_COVID_19	7.06E-21	0.006397969	0.038447639	0	0	5.02E-18	1.90E-19	1.51E-18	0	0	0	0	0.010138112	0.010994611	0	8.20E-20	1.06E-21	0.006265934	0.001429445	0	0.017294009	0.010317883	0.005827968	2.73E-20	0.009696198	0.014618307	0.00391457	0.01360553	0.003139236	0.005710198	0.012365444	1.15E-17	0.036921069	0.011658726	0.003414421	0.011706229	0	4.57E-18	0.018387197	0	1.50E-19
NC4	non_COVID_19	4.72E-19	0.023376163	0.010739305	0	0	0	0	0.013872497	0.000707831	0.091544355	0.082416836	0.036792711	0.042908	0.030881864	0	0.002774055	0.011337528	0.004111649	0.01374428	0	0.006350131	0.004196111	0.00080391	0.002331969	0.009523914	0.005448165	0	0.002619667	0.005433669	0.008477086	0.009771179	0.016369355	0.036056398	0.010017863	6.99E-19	0.031939115	0	1.95E-18	0.002859073	0.022405386	0.008275511
NC5	non_COVID_19	0.075516528	0.030001586	0.027941629	5.79E-20	6.79E-18	0	3.44E-18	0.04579987	0.00465306	0.098716918	0.092197742	0.088792923	0.02033472	0.00415139	8.80E-21	0.004275452	0.000654809	0.004543379	0	0	0.019850018	0.023239506	0.005060798	0	0.033583815	0.039169671	0	0.015767822	1.98E-19	0.008967856	0.00656829	0.018629108	0.039286059	0.036274727	0.01350486	0.020026083	2.24E-20	0	0.093261325	0.007812488	1.01E-17
NC6	non_COVID_19	0.076672958	0.074897853	0.005264693	0	0	0	0	0.037594976	0.005852481	0.21415413	0.201348785	0.130078501	0.072210673	0.016819302	0.001247816	0.001813624	0.000448357	0.000781081	0.044226103	7.43E-19	0.032683763	0.031734725	0.023724842	0.004887864	0.059830701	0.091683983	0	0.023200115	0.002249789	0.01611044	0	0	0.00571607	0.034517491	0.012169626	0.044089433	0.006203995	0	0.164161887	0.061442914	0
NC7	non_COVID_19	7.27E-19	0.115313479	1.40E-17	0.01220196	0.033783551	0.049375937	0.039504845	0.037578166	0.004062712	0.064698945	0.058833485	3.54E-20	0.0826736	0.066540972	0.000761446	7.30E-22	0.017684869	0.004442965	0.024638703	0	0.001658256	6.18E-19	0.007651767	1.07E-19	0.064180217	0.038107486	0	0.001649651	0.003951609	0.035388915	0.000953949	0	0.015291226	0.003648484	0	0.004359637	5.77E-19	0	0.007757025	0	0
NC8	non_COVID_19	0.002741962	0.104985061	0.025773465	1.35E-18	0.003651982	0.00086743	0.032765543	0.012003771	0.00545051	0.050607976	0.041387195	0.002227602	0.024676191	0.049647114	0	6.57E-19	0.004450396	0.004535492	1.31E-18	0	0.010546346	0.009115848	0.004463266	5.50E-20	0.063230564	0.018014151	0.002101054	0.008539104	0.003976735	0.039553596	0.009882262	1.59E-18	0.044854262	0.007527249	0.001745549	0.003595823	0.005928891	7.25E-18	0.015156869	0	0
NC9	non_COVID_19	0	0.265524742	0	0.060748297	0.070458227	0.094892084	0.077830564	0.051560511	0.016514513	0.209393963	0.184885803	0.034199664	0.043888607	0.094972539	0.00252188	0	0.009823273	0.002838738	0.075477866	6.56E-19	0	3.37E-19	0	0	0.12722601	0.03680918	0	0.001146006	0.002913574	0.072811671	2.53E-18	8.30E-19	0.00613278	0.000932482	0.00557475	0.002246893	3.39E-19	0	0.032764748	0.004343846	2.10E-17
