symbol	cluster	IL10	IL10RA	IL10RB	IL11	IL11RA	IL12A	IL12B	IL12RB1	IL12RB2	IL13	IL13RA1	IL13RA2	IL15	IL15RA	IL16	IL17A	IL17B	IL17C	IL17D	IL17F	IL17RA	IL17RB	IL17RC	IL17RD	IL17RE	IL17REL	IL18	IL18BP	IL18R1	IL18RAP	IL19	IL1A	IL1B	IL1F10	IL1R1	IL1R2	IL1RAP	IL1RAPL1	IL1RAPL2	IL1RL1	IL1RL2	IL1RN	IL2	IL20	IL20RA	IL20RB	IL21	IL21R	IL22	IL22RA1	IL22RA2	IL23A	IL23R	IL24	IL25	IL26	IL27	IL27RA	IL2RA	IL2RB	IL2RG	IL3	IL31	IL31RA	IL32	IL33	IL34	IL36A	IL36B	IL36G	IL36RN	IL37	IL3RA	IL4	IL4I1	IL4R	IL5	IL5RA	IL6	IL6R	IL6ST	IL7	IL7R	IL9	IL9R
C1	cluster1	191.23	10636	5386.11	3.47	241	7	1	1386	227.11	0	5098	0	495.7	562	8429.47	0	0	2	2	0	19585.1	19	156	52.38	9	2.98	298	255	1630	3466	5.09	1	2002	0	455	2057	618.63	0	0	18	0	12059	0	0	0	17	0	333.18	0	0	0	32	9.15	9.28	0	3	97	2527.81	152	2210	11685	0	0	17	2982	0	0	1	0	0	0	0	119	11	122.07	5115	0	34	2	11399.15	3638	37	6140	0	71
C10	cluster1	36.71	4016	4885.59	7.47	158	4	1	836.47	44.18	0	10417	2	196.23	188	10947.98	0	1	1	1	0	15224.82	20	62	15.44	7	3.92	734.34	161	7162	18758	0	0	1138	0	2994.81	52591	2311.72	0	0	154	8	4511	0	0	0	18	8	175	0	0	0	12	1.65	13.95	0	0	35	1221	61.14	899	11069	0	0	1	1807	0	1	0	0	0	0	1	247	0	5.16	10459	0	26	1	9756.07	1607.01	7	1082	1	29
C100	cluster1	82.17	4896	6864.9	8.31	404	9	0	725.99	52.42	0	4870.36	0	586.99	286	8171.89	0	0	0	1	0	11552.88	7	75	15.16	6	7	495.03	225.06	1087	14528	0	0	2643	0	390.41	5010	474.98	0	0	24	0	8542	1	0	0	26	2	298.69	0	0	0	27	4.04	54.49	0	0	16	1561	132.67	1047	20103	0	0	4	7277	0	0	0	0	0	0	0	126	7	23	11738	0	60	5	5986.54	1576	13	3927	0	15
C101	cluster1	53.62	7461	5115.18	3.72	794	17	1	691.84	59.18	4	3866.82	0	249.11	222	10753.34	0	0	3	11	3	8444.7	29	41	19.01	21	5.04	466.01	432	767	6195	1	0	3659	0	526	2826	560	0	0	74	0	3617	1	0	0	29	4	423.32	0	0	0	133	4.97	105.53	0	3	9	1796	397	1477	11387	0	0	3	10416	1	9	0	0	1	0	0	519	10	10.04	8049	0	403	7	7784.91	2074	10	9382	0	33
C11	cluster1	33.29	10647	2954.98	3.93	627	37	1	982.46	194.39	5	3598.92	0	244.9	193	9981.05	0	0	2	2	0	6150.62	31	37	18.36	29	5.28	178.01	397	875	2874	4	0	2240	0	360	687	1124.57	0	0	92	3	2513	0	0	0	18	10	571.56	0	0	0	112	15.14	90.73	1	5	6	2000	566.72	3399	16273	0	0	6	10541	0	1	1	0	0	0	1	66	5	8	4109	0	550	13	7028.96	3974	49	27930	0	21
C13	cluster1	46.04	7085	4926.19	3.13	292	45	1	805.47	63	0	5610.27	0	461.27	317	9156.7	0	0	0	4	0	10432.03	25	46	23.03	10	8.33	242.97	293	871	5959	2	2	5489	0	320.46	1400	1333.35	0	0	71	0	6303	0	0	0	24	13	384.66	0	0	0	67	2	47.37	0	2	8	1288.05	112.87	1176	16116	0	0	6.03	5855	0	2	0	0	0	0	1	130	7	8	4518.94	0	484	10	8989.53	2911	40	9654	0	3
C16	cluster1	31.17	11965	3888.77	5.26	436	23	2.07	953.09	187.21	0	6838.23	1	396.17	287	11739.51	0	0	0	2	1	13149.12	45	70	21.37	15	7.71	342.59	356	1035	2226	2	1	1956	0	797.12	1751	1107.63	0	0	22	2	3174	0	0	0	39	6	412	1	1	0	52	9.64	45.57	6	0	9	2088	174.98	3382	13901	0	0	18.33	7995	1	2	0	0	0	0	0	145	2	11.02	6400	0	126	4	9743.53	3182	57	11691	0	26
C17	cluster1	23.42	7012	3651.63	3.75	178	9	0	949.86	99.22	0	4770.75	0	189.67	249	8834.09	0	0	0	0	0	11570.7	13	59	21.26	7	2.62	186	184	689	1987	0	0	2472	0	648.04	2168	1057.92	0	0	25	3	2665	1	0	1	26	9	302.22	0	0	0	52	2.02	10.56	0	4	12	1506	118.01	2107	8724	0	0	20.05	3894	0	1	0	0	0	0	0	509	8	18.32	5607	0	127	3	13086.4	1673	17	5627	0	54
C18	cluster1	36.31	8198	4597.02	6.82	212	6	3	1112.91	54.06	0	5974	0	364.45	230	11295.21	0	0	0	2	0	13403.11	20	90	19.52	17	8.02	233.02	204	1026	973	6	1	2117	0	955.48	3260	1520.57	0	0	37	4	4617	1	0	0	13	1	280.57	0	0	0	28	4.27	29.77	2	4	21	2066	83.96	1650	11423	0	0	23.95	4057	0	3	0	0	0	0	0	171	5	20.15	7273	0	228	5	11129.22	1301	26	6213	0	51
C19	cluster1	78.18	6299	3814.28	7.16	137	22	0	632.48	128.12	1	8137.84	0	352.5	186	12903.19	0	2	1	3	0	16416.06	43	46	16.61	12	3.81	363.89	231	1753	6911	0	2	2684	0	1154	4992	1399.11	0	0	142	1	3606	1	0	2	17	4	181.73	0	0	0	29	8.5	28.85	0	0	6	1093	112.63	978	10480	0	0	14.04	2037	0	4	1	0	0	0	0	160	7	7	5023	0	394	7	14695.75	2209	25	5691	0	31
C25	cluster1	22.66	7252	5251.01	2.93	411	18	1.08	716.15	95.08	0	3812.03	0	170.21	290	12927.69	0	0	1	0	0	12722.13	67	75	14.77	14	2.26	499.01	278	592	2173	3	1	1944	0	874.64	2333	909.11	0	0	76	1	3599	2	0	3	8	1	413	0	0	3	80	7.85	33.82	0	1	15	2122.03	349.04	2269	12582	0	0	7.02	6204	0	8	0	0	0	0	0	207	5	20.07	8733	0	498	3	13907.08	2101	21	9690	0	93
C30	cluster1	57.21	4498	3218.47	8.63	204	29	0	311.58	46.31	0	10070.86	0	147.37	79.01	7296.51	0	0	1	5	0	14114.03	11	28	23.19	5	3.9	664.85	119	8581	25279	0	0	595	0	2305.65	33441	4144.86	0	0	180	5	2183	2	0	0	28	3	137	1	0	0	19	2.07	41.13	0	2	4	900.06	100.68	1074	6937	0	0	8	1516	1	0	0	0	0	0	1	140	0	1	10983.22	0	33	4	9337.37	2850	25	4583	0	0
C33	cluster1	26.47	5166	5170.28	5.16	257	29	0	1055.18	89.33	0	4723.98	0	252.14	395	9318.95	0	1	0	8	1	13096.46	19	51	25.36	6	6.02	302	154	842	2264	1	0	1796	0	530.48	3131	450.33	0	0	23	0	4656	0	0	0	22	2	195	0	2	0	39	0	28.36	0	0	25	1666.81	136	1824	13330	0	0	11.11	2892	3	4	0	0	0	0	0	130	0	20.2	5359	0	24	7	9055.14	2092	29	4489	0	24
C34	cluster1	38.18	5198	3551.34	3.9	180	7	1	601.85	41.22	0	7533.73	0	210.68	133	10467.04	0	0	0	2	0	10880.17	16	21	16.6	7	5.69	200.87	157.03	431	864	0	0	4403	0	1166.24	3037	2763.01	0	0	104	7	3252	0	0	0	24	7	190.44	0	0	0	35	5.15	28.12	0	0	9	1022	182.78	761	8189	0	0	24.63	3067	0	3	0	0	0	0	0	283	5	5	4010.93	0	847	0	12960.1	1833	14	5246	1	33
C35	cluster1	44.36	6353	7563.2	10.54	252	60	0	1351.44	75	0	14135.01	0	455.66	353.01	15246.43	0	0	0	1	0	28560.49	36	28	34.87	4	8.04	379	152.05	5445	22887	2	0	5118	0	2190.95	27714	3719.99	0	0	252	7	9468	1	0	0	29	10	251.94	1	0	2	28	2.95	21.55	0	3	22	1616	334.01	1423	18108	0	0	6	4424	0	5	0	0	0	0	0	227	3	5	12766	0	754	11	20002.29	3756	32	6501	0	17
C4	cluster1	40.52	8285	3812.99	1.06	319	9	2	933.82	91.13	0	5079.64	0	289.62	187	10597.16	0	0	0	1	0	9117.47	38	49	18.43	14	7.84	250.83	302	568	2864	2.06	2	3685	0	649	2118	2150.55	0	0	122	3	2308	2	0	1	27	14	541.19	0	0	0	71	11.82	51	0	0	3	1602.01	225.58	2210	9935	0	0	5	6036	1	3	0	0	0	0	0	190	7	9	4693	0	681	0	9486.99	2134	40	9177	0	50
C51	cluster1	62.76	9815	5920.34	9.55	194	7	4	747.86	62.26	0	10958.4	2	410.74	218.01	13857.99	0	0	0	3	0	18081.77	27	85	24.43	10	10.09	687.98	342.02	1654	10931	2.04	0	3502	0	1124.39	6109	1736.89	0	0	43	10	5479	0	0	0	21	1	328.53	0	2	1	35	2.01	23.99	0	0	14	1837	57	1703	14852	0	0	5.05	5497	0	3	0	0	0	0	1	176	1	22	6783.71	0	311	0	13521.47	1531	37	3292	0	34
C53	cluster1	36.71	4233	4614.63	2.81	125	17	1	439.34	120.45	0	7903	0	185.93	169	7624.26	0	0	0	2	0	11239.13	25	9	14.97	6	14.81	182.01	183	2326	4366	0	1	3879	0	654.98	1540	2010.73	0	0	25	2	6981	0	0	0	20	3	261.48	0	0	0	34	6.09	41.21	0	2	15	785	108.54	1102	15160	0	0	6	3131	0	1	0	0	0	0	0	86	4	5	7141	0	145	8	7577.94	2661	29	7483	0	18
C57	cluster1	19.17	10614	3886.37	1.03	610	25	2	1277.85	268.43	0	4622.96	0	221.8	194	12946.39	0	0	1	1	0	11042.99	18	58	26.77	41	4.35	304	276	698	2414	2	0	1032	0	413.11	1386	719.82	0	0	80	1	3936	3	0	1	23	1	594.67	0	1	0	89	12.14	126.96	2	0	14	2367	242	6230	13872	0	0	10.01	9171	1	4	1	0	0	0	0	80	8	21	5372	0	460	3	9184.58	3128	28	23742	0	47
C59	cluster1	54.6	8561	3763.97	1.88	441	10	4	617.67	51.92	0	7329.42	0	209.29	208	12823.68	2	0	0	4	0	13286.52	22	49	18.41	20	0	173.21	313	714	4316	3.06	2	8790	0	850.27	1870	2426.52	0	0	54	1	8065	3	0	0	24	2	393.95	1	0	0	116	2.3	71.5	0	0	6	1636	300	2118	12455	0	0	7	3470	0	0	1	0	0	0	0	295	6	9.07	8324	0	230	4	13360.29	2677	40	16716	0	78
C6	cluster1	31.27	6548	3260.07	3.96	336	16	1.09	908.52	102.54	0	5590.41	0	201.5	208	9699.13	0	0	0	1	0	9699.74	20	28	19.64	10	4.12	187	253.03	617	3467	2	3	2450	0	593.03	2887	1445.2	0	0	54	0	3190	0	0	1	18	15	439.65	0	1	0	98	2	43.51	0	4	12	1424.54	247.7	1589	11430	0	0	5.02	5313	0	4	0	0	0	0	0	198	12	8	6094.03	0	348.06	1	10588.14	1677	15	8301	0	52
C60	cluster1	13.9	8518	3117.93	4.23	690	24	3	1194.58	151.7	1	3728.98	0	266.87	212	8832.69	0	0	0	4	0	7625.23	20	62	12.6	23	3.47	319	381	423	2783	0	0	2863	0	220.01	1473	589.7	0	0	19	1	2411	2	0	0	14	4	631	0	0	1	62	1.68	86.46	0	1	7	1984	251	3169	14305	0	0	11	19062	1	8	6	0	0	0	0	206	7	12.08	5111	0	243	3	6197.19	1784	42	15361	0	31
C61	cluster1	68.52	6134	4907.61	1.68	207	22	3	916.21	214.77	0	6651	0	455.87	334	9485.15	0	0	1	4	0	13491.61	27	39	19.35	3	3.03	271.02	226	1708	7054	7.11	0	2490	0	373.67	1949	938.32	0	0	185	0	4065	0	0	2	30	21	380.97	0	0	0	65	3.81	36.38	0	2	17	1317	283	2786	15935	0	0	14	7908	0	4	0	0	1	0	0	236	8	5	4950.99	0	953	13	11607.44	3296	36	10970	0	13
C62	cluster1	74.26	4613	4395.92	11.28	470	7	0	1040.29	118.51	0	6367.02	0	353.89	315	6613.36	0	0	1	2	0	12654.24	38	75	25.67	8	5.21	568.95	170	8633	25122	0	3	1857	0	1210.71	32381	408.85	0	0	127	2	6696	0	0	2	21	12	196	0	0	1	67	1.99	71.98	0	0	48	1315.71	277	1053	12888	0	0	11	3765	0	0	0	0	0	0	0	66	0	9	7893	0	21	6	7353.91	3539	14	12907	0	7
C63	cluster1	137.52	3490	5807.69	2.12	167	25	1	605.47	80.83	0	7794	0	578.21	242	9462.84	0	0	0	0	0	13790.54	21	9	22.11	2	3.81	229	89	4984	13131	1.01	1	3012	0	1029.12	4721	1072.26	0	0	91	0	8390	1	0	1	7	3	248.13	0	0	0	37	3	72.21	0	0	18	1138	260	698	14058	0	0	11	1797	0	0	0	0	0	0	0	133	8	12.09	12001	0	24	3	11478.3	3427	20	8262	0	14
C65	cluster1	102.86	6398	7354.77	6.6	202	17	0	850.99	62.36	0	9481.87	0	478.89	466	11502.95	0	1	1	3	1	19658.94	18	65	35.31	5	7.03	277.01	154	5668	13800	0	3	4447	0	1330.91	6725	1208.28	0	0	102	1	10031	0	0	1	21	1	224.99	0	0	0	31	3.57	19.47	2	1	33	1413.24	114	1443	16868	0	0	15.32	3130	0	1	0	0	0	0	0	146	5	16	11611	0	222	5	12284.85	2577	22	5412	0	16
C66	cluster1	69.89	5676	4224.41	8.07	485	6	1	1255.3	79.14	0	3125.65	0	416.8	402	6683.43	0	0	3	1	0	9891.5	7	102	41.93	24	3.05	326	293.06	460	2793	5.18	0	1439	0	111.21	1964	217.65	0	0	15	1	9219	0	0	2	25	1	463.94	0	0	1	34	4.35	73.01	0	0	64	1868.02	114.88	1291	16503	0	0	6	5531	0	0	0	0	0	0	0	517	3	92	3460	0	22.01	12	3940.44	1022	4	3925	0	0
C67	cluster1	45.67	2316	3811.53	6.52	237	61	0	1294.05	59.7	0	3723	0	238.57	277	7608.73	0	0	2	3	0	10258.73	6	20	15.8	6	2.32	411	55	4157	15087	2	0	756	0	754.01	47694	178.16	0	0	102.01	2	2820	0	0	0	35	4	179.83	0	0	0	32	2.99	28.92	0	4	14	886.09	33.09	604	14458	0	0	0	2565	0	3	0	0	0	0	0	96	2	4	9049	0	55	23	6357.85	804	1	2058	0	7
C69	cluster1	20.74	7085	3200.69	3.53	244	38	1	934.69	165.25	1	4851.77	0	279.91	298	7564.38	0	1	1	4	0	11279.38	23	66	14.79	7	5.12	242.11	250	1045	4655	0	1	2201	0	343	985	827.5	0	0	161	0	2638	6	0	0	31	1	321.6	0	0	0	50	13.07	40.39	0	0	20	1628	177	2421	12338	0	0	14	4022	0	4.98	1	0	0	0	0	125	5	16.11	4132	0	542	5	9554.5	3015	29	11870	1	14
C7	cluster1	33.95	6833	3613.39	6.79	385	33	0	1042.73	152.09	1	3222.92	0	287.43	211	12503.18	0	0	1	4	1	9756.78	27	38	22.42	28	9.04	201.83	327	815	2811	4	1	1996	0	460	1208	671.92	0	0	123	3	3294	0	0	1	21	0	542.08	0	0	2	116	12.02	47.36	1	10	8	2041	438.37	3646	15479	0	0	9	6826	0	6	2	0	0	0	0	68	1	12	6234	0	761	12	9487.3	3628.01	27	19268	0	38
C70	cluster1	338.62	8355	5121.51	4.83	212	22	1.13	1327.75	200.08	0	5895	0	791.39	624.84	8576.14	0	0	1	4	0	11477.15	89	63	44.11	11	6.41	410.05	267.02	1289	4793	4	0	3235	0	558.5	2098	498.08	0	0	33	1	9313	0	0	0	21	4	267.63	0	11	0	13	9.19	15.18	0	2	58	1666.84	333.21	1473	15557	0	0	58.61	5575	0	0	0	0	0	0	0	199	7	38	5448	0	108.03	5	9908.72	2830	46	6873	0	31
C72	cluster1	32.05	9634	3976.42	2.34	731	13	1	2090.54	65.09	3	2463.2	0	446.23	374.01	7029.11	0	0	5	2	0	7142.56	43	102	18.47	38	2.07	222	401	552	2809	1	1	1056	0	81	476	338.95	0	0	114	1	6111	2	0	3	29	7	787.53	0	2	0	88	2	76.66	0	3	63	2020	148.17	3228	18315	0	0	9	17468	0	49	1	0	0	0	0	327	30	86	5824	2	1480	2	3644.03	1051	20	6372	0	64
C73	cluster1	171.5	11288	4418.59	1.99	431	13	2	941.56	204.02	1	2928.03	0	531.38	346	7928.21	0	0	0	2	0	10542.52	49	95	30.13	8	5.06	315	289	625	2439	2.01	0	3292	0	262.01	620	1020.82	0	0	47	0	7587	1	0	0	31	0	513.06	0	1	0	87	6.99	52.99	0	3	54	2406	356	3176	12034	0	0	24	4056	0	0	0	0	0	0	0	269	17	98.05	4040	0	128	9	7907.28	5253	43	11666	0	32
C74	cluster1	19.93	4482	5104.86	3.15	261	11	1	516.87	36.01	0	3848	1	209.79	231	9602.18	0	0	0	2	0	17357.95	37	36	18.01	7	3.06	307	96	2166	4739	1	3	2972	0	927.93	6411	1141.67	0	0	50	1	3582	0	0	0	13	3	184.42	0	0	7	50	1.03	13.88	1	2	15	1525	317.56	356	12868	0	0	24	2265	0	5	1	1	0	0	0	177	16	4.15	11798.99	0	450	5	13903.06	2294	18	7293	0	15
C79	cluster1	21	4459	4125.69	3.3	287	14	0	444.22	112.72	0	10665.01	0	194.13	108	12868.79	0	0	0	2	0	15761.31	25	31	18.45	6	10	356.13	230	669	11244	0	0	4233	0	941.03	9430	2475.93	0	0	54	2	2939	1	0	1	22	0	253.91	0	0	0	57	6.06	89.91	0	3	12	1018	153	1996	17918	0	0	2	4131	0	3	0	0	0	0	1	142	4	5	9645	0	621	10	12640.27	2508.06	15	15003	1	25
C82	cluster1	72.23	4654	3578.26	4.9	272	8	1	610.27	64.04	0	5165.13	0	156.43	187	9590.8	0	0	1	1	0	11466.42	16	48	27.29	3	6.36	321	204	926	4290	0	1	2325	0	432.99	2110	1707.96	0	0	16	0	3022	3	0	0	13	1	257.01	0	0	0	81	5.14	17.71	0	1	8	1127	163	1331	9731	0	0	6	2706	0	1	1	0	0	0	0	155	2	15	9206.99	0	80	0	11013.45	1937	17	5316	0	25
C83	cluster1	58.51	5743	4688.73	3.41	235	32	0	1330.36	69.85	1	3359.75	0	457.22	388	5965.98	0	0	7	4	0	10826.31	21	87	38.51	4	1.16	357.24	186	1651	9476	4	3	3368	0	398.09	1722	537.08	0	0	16	1	7794	0	0	0	19	1	277.06	0	0	0	16	2.03	14.59	2	0	59	1430	42.38	1852	12580	0	0	35.87	4692	0	0	0	0	0	0	0	95	7	22.03	7738.98	0	55	2	6172.4	1479	12	2753	0	13
C84	cluster1	46.75	4665	4918.81	6.06	275	3	0	532.79	74.01	1	7069	0	576.78	235	9340.89	0	0	2	3	0	14228.01	57	54	13.16	4	4	311.77	173	2308	10955	1	1	3105	0	819.01	11534	895.65	0	0	104	6	5723	0	0	0	23	3	304	1	0	1	39	1.49	23.17	1	18	46	1213	641	875	15652	0	0	2	7309	1	14	0	0	0	0	1	363	6	12	9757	1	817	2	9019.45	1442	23	2251	0	32
C86	cluster1	37.14	5801	4056.64	5.36	392	36	1	742.25	43.01	0	2862.1	0	422.45	340	7087.5	0	1	1	2	2	9323.63	13	66	24.57	15	4.96	274.97	220	1128	7711	1	1	1828	0	394.54	1281	289.58	0	0	56	0	5207	0	0	0	22	2	252.01	0	0	0	60	4.52	49.88	2	3	19	1437.02	130.49	1048	13713	0	0	4	4298	0	1	1	0	0	0	0	82	1	19	6040	0	46	2	5432.67	1967	19	5567	0	33
C87	cluster1	54.59	6330	3215.29	3.56	533	10	1	704.7	79.98	0	6166.66	0	287.15	179	7293.48	0	0	0	0	0	8514.09	21	72	24.07	13	6.14	424.72	158.02	696	4500	5	0	5383	0	543.29	1718	1165.38	0	0	51.01	0	3838	1	0	20	29	5	324.83	0	0	1	72	1	51.18	4	1	26	1513	182.27	2225	9725	0	0	13	4611	0	4.99	2	0	0	0	0	130	6	24	6272	0	169.01	2	6840.3	2470	30	7163	0	19
C9	cluster1	44.22	3874	4263.32	5	175	32	0	678.52	40.17	0	7193	0	112.99	219	8047.75	0	0	1	3	0	17487.99	14	27	22.42	3	8.03	306.04	73.08	15173	14907	1	0	473	0	5483.76	59309	3262.41	0	0	333	18	3382	0	0	0	23	3	129.29	0	0	0	19	2	6.95	0	1	22	1254.05	49.01	678	10572	0	0	6	1272	0	0	0	0	1	0	0	59	0	1	6824.05	0	109	16	11768.24	2778	9	2896	0	19
C90	cluster1	35.75	6305	4715.36	1.05	282	50	0	768.3	62.38	1	8360.94	0	237.22	196	8679.12	0	1	0	1	0	11725.2	7	46	25.06	2	9.98	377.01	184	6397	5566	0	0	2913	0	1855.76	18194	2660.42	0	0	223	9	3675	0	0	0	19	7	303.04	0	0	0	55	0.89	41.2	0	2	13	1296	108	1647	10608	0	0	29.04	4347	3	1	0	0	0	0	0	123	1	7	10030	0	65	10	10432.53	2082	33	5044	0	42
C91	cluster1	30.48	5797	3839.84	5.99	832	17	1.02	912.63	52.5	1	5578.16	0	186.97	161	10779.9	0	1	1	3	0	7515.33	12	29	19.54	19	5.01	209.72	141	454	3464	1	1	4285	0	360.11	2349	1344.64	0	0	42	0	3548	1	0	0	13	2	537.21	0	0	0	189	3	79.44	2	3	9	1468.15	241.24	2398	13241	0	0	3	8426	0	24	1	0	0	0	0	293	15	12	6591	0	758	7	9477.43	1192	22	12924	0	73
C93	cluster1	213.91	5059	5185.03	1.15	285	35	0	905.48	71.97	0	5572.75	0	190.88	278	6646.48	0	1	2	3	0	10923.06	29	52	21.95	5	4.89	283.08	136.02	8163	11769	5	0	1568	0	926	57910	666.12	0	0	120	2	6310	0	0	0	25	2	353.03	0	0	0	55	0	58.15	0	2	43	1413.03	120	1306	8308	1	0	5.02	4200	0	0	1	0	0	0	0	54	1	17.06	11686.01	0	3	7	6136.65	1856	38	4134	0	53
C94	cluster1	19.38	7857	3056.85	0	1520	23	0	1644.92	83.23	0	4346.05	0	177.19	242	12169.39	0	0	2	5	0	6817.47	13	55	31.94	31	3.47	147.65	285	378	2792	1	0	2085	0	179	1325	366.93	1	0	16	3	5902	0	0	0	26	3	1220.41	3	3	0	117	2.1	155.99	3	1	32	2693.06	159.02	3010	24041	0	0	0	22883	0	1	1	0	0	0	0	161	22	26.1	5605	0	71	3	4122.32	1587	18	9374	0	35
C95	cluster1	65.14	4231	4774.35	11.23	142	28	1	599.9	49.06	0	5412	0	131.26	253	10824.25	0	0	0	2	0	15220.7	14	40	21.05	5	1.11	190.62	123.12	3290	5928	0	2	1252	0	1713.11	10647	948.99	0	0	23.11	0	4643	0	0	0	16	5	183.94	0	0	0	26	2.51	24.56	0	0	11	1149.84	140.48	554	9233	0	0	3	2575	2	1	0	0	0	0	0	46	2	3.04	8010.99	0	38	3	10984.52	2190	19	4033	0	29
C98	cluster1	64.76	3503	4154.94	7.86	357	8	0	588.44	21.06	0	5811.71	0	110.55	118	9508.28	0	0	0	3	0	10893.01	22	119	15.33	5	1.04	809.39	152.04	4692	19848	0	0	842	0	1096	62013	626.47	0	0	50	6	2068	0	0	2	23	2	180.1	1	0	0	37	0	19.2	1	0	16	1228	78.1	541	8282	0	0	0	2908	0	0	0	0	0	0	0	80	1	6	7295	0	20.96	2	6307.2	1127	10	3195	0	42
C102	cluster2	384.88	4028	7677.02	4.25	93	6	2	322.19	24.13	0	8167.26	0	258.39	178	8743.77	0	0	0	0	0	24586.68	33	13	18.57	4	1.15	154.91	102	25631	31918	1.01	0	3068	0	2735.78	96525	5205.73	0	0	561	0	22096	0	0	0	12	2	273.04	0	0	11	8	0	23.68	0	0	65	579	109	1131	18539	0	0	3	1955	0	1	0	0	0	0	0	391	2	5	21771.03	0	17	3	9096.08	4611	35	3155	0	3
C103	cluster2	169.15	3615	10394.68	3.14	110	2	3	1439.81	25.11	0	6997	0	729.83	872	9220.21	0	0	1	0	0	14997.86	109	33	30.85	9	10.98	253	77	14991	25115	15	5	5167	0	2919.61	18051	502.52	0	0	434	21	19346	0	0	0	31	2	146.07	0	0	1	23	2.02	15.85	1	1	75	829	89	580	26410	0	0	2	2585	0	0	0	0	0	0	0	198	17	16	14921	0	29	0	6483.2	1560	10	1133	1	13
C12	cluster2	94.84	4950	5633.87	2.04	142	14	0	509.22	79.66	0	10338	0	156.82	143	9980.37	0	0	1	1	0	16552.65	33	21	13.76	2	2.36	599.07	80	17585	19680	1	0	875	0	3228	84387	1898.53	0	0	628	7	3412	0	0	0	17	12	124.56	0	1	0	11	2	10.95	0	0	12	1158.01	35.34	941	9901	0	0	1	1416	0	0	0	0	0	0	0	140	0	4.85	7925.7	0	10	2	12989.97	2436	10	3944	0	20
C14	cluster2	25.31	2142	5585.93	7.51	64	4	3	865.97	19.32	0	12531.01	0	141.2	141	10139.42	0	0	1	1	0	20896.3	16	12	20.71	2	5.24	166	69	37202	23552	0	0	1310	0	6156.6	61557	2790.86	0	0	380	4	3659	0	0	0	21	4	72.12	1	1	0	1	0	17.19	0	0	14	476	49.98	243	12692	0	0	2	350	0	0	0	1	0	0	0	57	0	4.01	14437	0	33	0	11427.02	2875	4	1750	0	19
C15	cluster2	43.14	2466	4819.77	7.96	84	10	0	241.34	20.16	0	9005.03	0	64.48	86	10808.17	0	0	0	0	0	21987.61	7	13	7.33	1	1.01	204	67	10970	25883	0	2	1255	0	2648.6	49448	4150.75	0	0	296	27	2868	0	1	0	30	0	93.35	1	1	0	19	3.62	15.97	1	0	4	879.05	121.06	182.95	11136	0	0	0	1407	0	3	0	0	0	0	0	59	3	3.14	14216	1	478	3	14843.52	2968	13	5791	1	8
C2	cluster2	26.08	4606	2834.67	5.15	127	8	0	527.07	23	0	4172.01	0	119.09	160	6977.02	0	0	0	0	0	9918.75	14	32	10.67	24	2.99	225	115	645	674	3.26	0	2043	0	535.51	3964	702.68	0	0	32	2	2803	0	0	0	20	2	160.28	0	2	0	42	0	8.35	0	1	9	1093	114.07	659	6698	0	0	7	1667	0	0	0	0	0	0	0	639	5	11.26	5597	0	204	5	7745.29	1415	11	3901	1	60
C20	cluster2	57.75	2797	3979.95	4.24	82	10	0	666.31	29.11	0	17494.02	0	209.63	145	14703.72	0	0	1	1	0	19544.12	14	21	23.56	3	5.76	328	168.19	15286	11656	0	2	4306	0	3941	47141	4293.32	0.97	0	373	13	4433	0	0	1	16	4	53	2	0	0	9	2.06	21.6	2	0	3	453.04	38.99	524	11937	0	0	1	907	0	2.87	0	0	0	0	0	261	0	3	6474	0	40	1	19017.18	1222	13	1452	0	21
C21	cluster2	63.39	2898	6943.72	5.9	66	5	1	431.2	16.49	0	20133.67	0	269.2	137	10136.36	0	0	0	1	0	22271.66	8	12	20.39	1	0.39	309.2	72	29136	26885	1	7	3593	0	5647.83	79909	4587.5	0	0	632	5	8996	0	0	0	30	4	59.72	0	1	0	9	0.84	16.72	0	1	17	390	42	506	15011	0	0	0	1037	0	0	0	0	0	0	0	80	0	1	18837.99	0	31	1	15427.26	4017	5	2764	0	6
C22	cluster2	18.82	1166	4304.2	3.84	37	4	0	135.64	1	0	12388.69	0	315.96	43	9472.11	0	0	0	0	0	14393.86	23	10	12.85	3	2.49	400	65	13434	16697	0	1	1321	0	3068.58	77378	2831.11	0	0	492	14	4275	0	1	3	13	3	19.05	0	0	2	2	4.75	11.01	0	0	6	153	28.96	60	11434	0	0	0	136	0	0	0	0	0	0	0	118	0	0	6337	1	74	1	10488.65	1494	4	333	0	4
C23	cluster2	54.09	3116	5455.26	13.24	37	0	0	225.86	11.43	0	7740.97	0	168.73	190	8475.61	0	0	1	1	0	18577.92	16	36	28.82	2	6.27	427.31	64	4299	14724	4	1	4529	0	2401.98	14257	3145	0	0	153	15	7389	0	0	0	16	0	44.02	0	0	3	15	1.02	6.22	0	1	13	716	53.05	183	11756	0	0	5	795	0	0	0	0	0	0	0	71	0	0	13147.95	0	86	4	15663.89	1760	15	970	0	4
C24	cluster2	37.17	3075	4511.81	7.13	58	8	3	346.81	14.18	0	15331.17	0	95.11	99	10965.83	0	1	0	2	0	20280.23	12	14	26.1	5	4.01	317	83	12585	14207	0	0	3647	0	4677.96	56437	3209.86	0	0	1337	17	5898	0	0	0	18	0	52.07	0	0	0	12	2.01	8.45	0	3	12	556.02	31.06	301.66	10735	0	1	0	619	0	0	0	0	0	0	0	88	0	2	10605	0	13	1	16640.38	1791	8	1164	0	7
C26	cluster2	59.42	3910	4767.94	5.95	122	14	0	527.84	15.58	0	14689	0	132.59	214	12131.45	0	0	0	0	0	17339.48	11	8	16.34	9	4.61	326	78	8504	14384	1	2	3303	0	3212.9	24808	2421.79	0	0	193	3	4912	0	0	0	16	4	106	0	0	0	20	0	32.91	0	2	7	778	53.01	551	10397	0	0	5	1675	0	1	0	0	0	0	0	97	0	2	6310	0	32	4	17248.1	1935	10	3219	0	8
C27	cluster2	32.14	5041	6011.16	8.99	105	10	2	636.52	55.19	0	9708.03	0	219.39	179	11850.38	0	0	1	3	0	20147.77	22	19	21.29	11	1.05	269.59	98	3989	3634	3	3	1641	0	2507.01	29412	3118.78	0	0	157	7	5342	0	0	0	19	5	182.03	1	0	0	19	0	14.4	0	4	22	1202.06	76	972	15606	0	0	2	2755	0	0	0	0	0	0	0	238	1	1	9814.1	0	200	1	13765.41	2391	17	5677	0	7
C28	cluster2	27.64	2616	5750.56	8.61	58	20	0	395	12.13	0	21702.91	0	291.03	168	13131.14	0	0	0	0	0	21038.98	9	19	9.13	2	8.06	378.01	84	16551	30228	2	0	2143	0	5287.86	49835	4424.94	0	0	1449	6	7564	0	1	0	14	0	37.03	0	0	0	5	1.01	6.88	3	0	16	444	25.02	214	15638	0	0	0	570	0	0	0	0	0	0	0	70	0	0	11469.02	0	10	0	10280.78	2030	6	359	0	7
C29	cluster2	60.19	2382	5461.1	6.33	75	8	0	361.78	22.89	0	9220	0	93.02	105	5580.68	0	0	0	2	0	13070.27	5	11	10.61	1	1.01	417	32	11526	22202	0	0	938	0	1916.98	55339	1887.76	0	0	123	7	3390	0	0	0	17	0	56	0	0	1	7	1.03	15.47	0	0	22	385	27	128	7047	0	0	8	613	0	0	0	0	0	0	0	42	0	4	12314	0	12	2	10346.24	1152	9	789	0	4
C3	cluster2	30.2	3553	7801.2	8.51	127	7	0	1519.64	86.47	0	10408.94	0	343.36	412	7564.38	0	0	2	2	0	16524.79	8	26	26.84	9	6	294.57	152	10571	18216	2	2	3184	0	825.56	25839	1847.22	0	0	25	3	10055	0	0	0	15	3	159.88	0	1	0	27	4.63	4.83	0	0	49	787	28	910	17320	0	0	11	1514	0	2.66	0	0	0	0	0	527	4	6	8468	0	39	2	10033.17	1429	9	1305	0	33
C31	cluster2	28.64	1795	4909.03	1.08	93	16	1	251.11	36	0	5494	0	382.91	250	5379.35	0	0	2	3	0	12039.17	18	12	6.82	5	2.55	135	66	3111	9021	2	0	2229	0	1485.8	26683	3121.22	0	0	117	3	9903	0	0	0	17	4	90.12	0	0	3	34	0	16.08	0	1	46	458	192.63	249	11575	0	0	7	947	1	0	1	0	0	0	0	561	0	1.9	10478	0	396	2	6770.13	2547	13	2570	0	15
C32	cluster2	1383.22	5767	1649.69	8.84	111	27	0	372.12	29.28	1	6197.05	0	82	62	3357.28	0	0	2	2	0	7605.78	5	23	27.51	3	8.79	457.01	141	8951	17537	2.01	1	63	0	3766.08	50647	4564.52	0	0	395	15	1626	5	1	0	11	1	231.64	0	0	0	10	0.37	8.56	0	0	3	194	22.22	508	4664	0	1	0	1050	0	1	0	0	0	0	0	124	0	2	6417.03	0	1	12	2205.18	2131.03	2	1612	0	19
C36	cluster2	80.98	2777	4309.74	1.49	172	9	0	415.48	29.43	0	5698.94	0	449.3	250	7851.04	0	0	1	4	0	12863.5	9	21	8.08	3	2.01	281	93	1965	6653	2.03	0	2700	0	732	5868	550.96	0	0	30	4	4418	1	0	0	15	2	104.93	0	0	1	17	2.43	10.67	4	1	10	754	64	478	12149	0	0	7.02	1942	0	0	0	0	0	0	0	104	3	5	6194.63	0	56	1	9657.59	1292	12	2090	0	8
C37	cluster2	15.04	2109	1867.17	0	61	3	0	262.68	15	0	4837.01	0	182.16	104	5555.5	0	0	0	1	0	8005.63	6	10	8.09	7	3.99	99.31	84	486	2998	0	0	2593	0	531.33	2759	861.21	0	0	37	1	2737	1	0	0	10	5	95	0	0	0	8	0	12.91	1	0	10	394	39	443	7462	0	0	2	1236	0	0	0	0	0	0	0	46	1	0	5093.98	0	149	0	6417.02	948	10	2207	0	8
C38	cluster2	52.38	1785	3993.02	8.6	54	10	0	638.73	11	0	9095.88	0	58.83	151	5018.85	0	0	0	5	0	11608.78	5	9	18.27	1	1.03	223.09	58	9379	22652	3	2	6058	0	3093.73	48914	1983.27	0	0	393	31	5555	0	0	0	14	5	56.37	1	0	0	17	0	6.04	0	0	31	304	30.98	142	9685	0	0	0	983	0	1.63	0	2	0	0	0	89	0	0	10991	0	12	1	7950.49	1629	13	1183	0	4
C39	cluster2	61.48	2219	4042.35	4.42	89	5	0	333.65	21.1	0	6413.99	0	199.43	98	5846.27	2	1	0	1	0	11458.03	3	21	10.07	4	0	360.29	97	5219	26717	1	0	590	0	2450.03	59390	1880.86	0	0	110	5	2652	0	0	0	14	9	83	3	0	1	11	0	10.76	0	3	9	288	101.87	255	7533	0	0	3	1839	1	0	0	0	0	0	0	2749	3	2.97	7551	0	24	0	6623.12	1226	4	1097	0	0
C40	cluster2	103.37	3678	5132.35	4	57	21	0	431.6	23.95	0	9874.01	0	215.99	223	9175.33	0	1	1	2	0	16650.97	11	31	24.47	2	4.37	284.04	80	22412	21211	2	1	1157	0	5178.57	59879	2561.36	0	0	398	10	4568	0	0	2	21	0	64.13	1	0	0	7	0	5.67	2	0	12	584	19.19	514	11173	0	0	0	926	0	0	0	0	0	0	0	60	0	1.01	12310	0	22	0	9246.76	2550	8	977	0	4
C41	cluster2	61.81	2520	6503.08	7.22	82	10	1	433.33	14	0	10494.19	0	81.04	151	10256.78	2	0	0	0	0	24071.07	6	27	12.98	4	1.52	263.04	33.02	7497	41791	1	0	1621	0	3811.44	103125	2357.82	0	0	561	55	5950	0	0	1	28	0	72.15	1	0	0	12	0	14.66	1	0	40	561	54	250	13238	0	0	0	816	0	0	0	0	0	0	0	123	0	4	18939	0	19	0	15715.67	899	2	1086	0	3
C42	cluster2	35.34	3037	9244.94	4.27	59	20	1	246.32	63.53	0	9302.48	0	180.96	200	9004.04	0	0	0	0	0	15177.67	18	14	9.65	10	1.89	242	72	1153	10333	2	1	7014	0	755.01	5814	2269.6	0	0	85	2	10894	0	0	0	8	3	153.1	0	0	0	15	7.29	32.54	0	3	30	833.97	100.48	546	16901	0	0	12.04	2418	0	0	3	0	1	0	0	85	1	6	15490.3	0	48	2	12355.35	2242	40	2135	0	30
C43	cluster2	40.63	1482	6537.1	2.06	38	2	0	483.65	17.56	3	5351	0	67.48	264	6378.76	0	0	0	0	0	15413.68	5	11	10.3	1	2	195.01	23	3833	12943	0	0	2433	0	1479.13	54145	1037.1	0	0	113	10	6495	0	0	2	24	1	27.04	0	0	0	8	0.93	5.33	0	0	13	255	25	225	10899	0	0	2	559	0	2.89	0	0	3	0	0	117	0	0	12620	0	247	1	12021.74	697	4	385	0	3
C44	cluster2	59.23	5357	5250.87	2.61	74	15	2	334.06	27.07	0	6354.01	0	366.01	234	8167.06	0	0	1	2	0	17779.7	20	19	7.65	2	2	255.62	38	2979	5694	0	2	2229	0	2272.96	15140	1002.15	0	0	51	5	5915	0	0	0	25	4	125.26	0	0	0	26	1.06	27.45	0	1	7	1160	107	358	13251	0	0	3	797	0	0	0	0	0	0	0	117	4	3	6134	0	95	3	14948.09	1979.03	30	4543	0	9
C45	cluster2	23.59	2334	5790	9.87	48	13	2	444.4	27.5	0	10217	0	138.84	170	10692.88	0	0	2	0	0	17046.72	12	12	17.1	8	5.03	181.1	76	2154	12675	0	0	4655	0	3848.55	7816	2134.77	0	0	138	20	5860	2	0	0	19	2	105	0	0	0	5	0	15.23	0	0	11	449.01	74.39	485	14529	0	0	3.01	1976	0	2	0	0	0	0	0	124	1	0	10764.02	0	428	1	19758.89	1474	12	2598	0	15
C46	cluster2	11.71	4791	4934.49	6.75	213	1	0	384.16	19.23	0	4410	0	224.12	150	9243.32	0	0	0	5	0	11973.96	12	46	16.17	12	9.49	295.99	179	493	6792	0	0	5090	0	801.77	4627	920.49	0	0	17	6	5566	0	0	1	18	0	220.03	0	0	0	53	0.8	26.75	0	1	20	1143.01	112.14	1070.99	17477	0	0	3	6079	0	1	0	0	0	0	0	114	8	3.02	7568	0	126	3	9348.85	1007	14	5152	0	22
C47	cluster2	69.41	3585	6756.82	8.85	76	9	0	535.7	68.26	0	8321.22	0	224.2	185.01	10010.63	0	0	2	2	1	21608.34	10	12	7.87	2	6.64	134.53	66	3649	10653	0	5	2160	0	3034	20475	1419.32	0	0	179	27	5981	2	0	0	26	11	122	0	0	2	11	3.84	27.23	0	0	2	774.35	99.21	540.98	13615	0	0	0	2497	0	3	0	0	0	0	0	92	0	0	6121	0	89.01	4	18060.33	1488.24	16	4520	0	8
C48	cluster2	12.28	1974	3801.29	1.98	142	7	1	536.44	12.11	2	4948	0	134.35	136	6896.98	0	0	0	1	0	12139.48	3	53	9.26	3	1.01	404	48	2580	7221	0	0	718	0	1096.55	52929	791.93	0	0	219	6	5020	0	0	0	35	1	39.79	0	0	0	5	2.01	12.59	0	0	20	632	45	92	10675	0	0	5	1391	0	0	0	0	0	0	0	212	0	10	7859	0	20	1	5040.52	441	2	582	0	7
C49	cluster2	21.42	4003	4001	5.84	320	4	0	918.49	65.54	0	2966.07	0	232.33	236	6273.74	0	0	2	1	0	7270.76	10	94	17.82	16	3.44	230.64	109	159	1979	1	0	504	0	99.02	1947	244.37	0	0	17	0	3592	0	0	0	26	1	637.81	0	1	0	27	1.76	32.56	0	0	15	1256.01	100.88	651	13720	0	0	1	11546	0	8	0	0	0	0	0	2560	4	5	3331	0	282	5	3621.87	275	9	1630	2	4
C5	cluster2	95.1	2874	6416.75	4.04	60	14	1	564.79	24.26	0	7116.55	0	365.68	258	7733.03	0	0	0	2	0	18841.76	21	22	15.41	7	4.06	149.14	120	3512	9167	0	1	13532	0	1625.03	6981	3611.26	0	0	69	1	8700	0	0	0	12	10	179.06	1	0	0	12	6.12	14.77	0	3	33	507.02	40.73	442	19948	0	0	29.12	625	1	1	0	0	0	0	1	168	3	1	11159.01	0	28	3	13241.52	3498	12	3656	0	4
C50	cluster2	0	573	1329.97	0	25	3	1	132.38	7	0	848.26	0	56.65	66	1803.52	0	0	0	0	0	2145.13	2	53	7.24	3	0	188	66	145	3574	0	0	310	0	218	7464	133	0	0	5	4	1067	0	0	0	4	0	29	0	0	0	11	0	2.36	0	0	7	133	6	31	3085	0	0	0	691	0	0	0	0	0	0	1	567	0	1	2392	0	28	0	1214	155	4	173	0	4
C52	cluster2	49.8	1937	3507.71	2.04	44	3	0	405.59	18.01	0	4157.5	0	177.87	298	4089	0	0	0	0	0	8095.82	7	13	15.09	2	0	181.03	56	3593	9647	0	1	2246	0	496	5800	397.97	0	0	38	0	7199	0	0	0	5	3	38.87	0	0	0	9	0	1.28	1	0	22	433	25.05	364	10272	0	2	4.03	653	0	0	0	0	0	0	0	41	0	4	5528	0	10	0	4698.23	749	8	612	0	4
C55	cluster2	46.24	1867	4948.26	0	89	6	4	372.15	11.05	1	11872.05	0	391.73	147	8547.8	0	0	1	2	0	18704.06	13	17	13.13	2	3.9	335	122	8041	36199	1	3	2461	0	1113.01	30791	2831.47	0	0	177	1	6020	0	0	2	10	5	77	0	0	0	15	1.04	12.63	0	1	5.03	250	50.09	318	9002	0	0	2	829	0	0	0	0	0	0	0	173	0	1	13087	0	127	3	9481.98	1657	7	1334	0	6
C56	cluster2	77.55	3370	3974.73	12	125	27	0	668.59	67.21	0	6133.31	0	145.66	268	6457.95	0	1	1	1	0	12712.94	15	35	22.71	4	16.02	253.02	222.08	2292	5591	0	0	1676	0	746	2128	1091.02	0	0	14	0	10284	0	0	0	7	1	135.23	1	1	0	18	6.53	7.55	0	0	25	647.57	60	1211	16461	0	0	11	1761	1	2	0	0	0	0	0	53	1	12	9554.01	0	11	39	6167.91	2826	16	1681	0	27
C58	cluster2	28.76	3738	2719.04	4.22	572	8	1	1009.13	58.16	2	2299.91	0	221.79	204	6787.02	0	0	1	5	0	5666.16	32	58	24.12	34	6.01	241	231	274	4763	0	0	630	0	72	3531	94.69	0	0	47	0	3708	0	0	0	30	5	459.82	0	0	0	30	0	47.65	3	2	23	1384	85	995	12625	0	0	2	14579	0	13	0	0	0	0	0	327	20	24	3813.06	0	325	0	2626.03	262	2	2874	0	76
C64	cluster2	54.89	2763	7450.49	9.5	80	7	3	510	17.02	0	9817.72	2	168.59	226	11467.55	0	0	1	0	0	21938.59	11	23	27.98	4	4.62	188.11	64	4161	16721	0	1	2783	0	2012.1	40275	2057.35	0	0	78	4	4524	0	0	0	19	0	35.16	0	0	0	4	5.7	6.19	0	0	22.01	996.99	81	139	15966	0	0	1.01	930	0	0	0	0	0	0	1	318	0	4	8299	0	186	0	18329.4	1433	4	1221	0	21
C68	cluster2	57.46	2155	4277.27	6.33	184	4	0	435.48	32.58	0	3278	0	251.22	235	5276.49	0	1	3	5	0	8506.22	17	87	11.03	9	2.59	443.16	78	1790	16194	0	0	602	0	234	29433	295.91	0	0	16	1	3103	2	0	0	16	2	240.55	1	0	0	6	0	16.87	0	1	30	1334	37	438	13775	0	0	0	6191	0	1	0	0	0	0	0	137	3	6	9096	0	112	3	3532.67	416	6	1005	0	16
C71	cluster2	33.67	1557	3481.45	6.12	110	5	0	387.05	47.45	0	9015.15	0	82.52	55	9531.33	0	0	1	0	0	13708.15	24	18	13.92	2	2.22	478.06	103	11301	14714	0	0	1040	0	1470.78	42946	2945.87	0	0	216	0	2283	0	0	0	15	13	94.53	1	0	0	4	2.36	15.03	1	1	18	262.42	67.61	274.7	12011	0	0	0	1496	0	3	0	0	0	0	1	240	0	0	9116.75	0	111	0	8397.77	1460	7	2084	0	14
C75	cluster2	62.71	4654	5499.52	5.29	69	9	0	526.05	59.39	0	8136.83	0	345.26	238	9260.84	0	0	0	1	0	15241.62	25	38	23.4	4	5.01	386	154	3172	5994	0	1	4606	0	966	2829	1403.75	0	0	50	0	10716	0	0	0	26	2	131	0	2	0	8	6.63	15.81	2	3	32	863	58	1060.98	16885	0	0	11	1550	0	0	0	0	0	0	0	39	3	11	11344	0	54	0	11408.42	3023	27	2361	0	10
C76	cluster2	395.84	2492	7367.01	11.4	61	2	0	174.51	10.23	0	5921	0	88.52	72	7181.6	0	0	0	0	0	19131.23	47	16	4.08	6	1	526	138	10766	28994	10.06	2	1256	0	3846.83	109552	7256.05	0	0	399	7	6391	0	2	0	28	5	76	0	0	13	10	0	6.84	0	3	24	510	77	61	7757	0	0	6	673	0	2	0	0	0	0	0	241	0	1	11870	0	41	0	10154.92	2407	5	1243	2	5
C77	cluster2	85.35	3275	5863.29	4.17	135	3	0	1017.55	48.72	0	10807	0	779.17	441	6547.3	0	0	0	0	0	13894.6	13	27	15.74	2	3.86	411.42	41	15188	21008	2.05	3	3235	0	2186.01	46580	2688.74	0	0	370	4	5295	0	0	0	9	0	82.25	0	0	0	11	4	10.3	1	0	34	660.01	38	317	11635	0	0	4.05	1583	0	0	0	0	0	0	0	46	0	2	13067	0	24	0	10340.07	1726	8	1174	0	1
C78	cluster2	57.69	7074	5306.34	5.52	91	7	1	518.45	23.18	0	8190.9	0	351.42	143	9649.31	0	0	0	0	0	18431.75	32	82	16.82	7	2.1	427.24	119	2980	13171	0	1	6864	0	1396.92	11116	1947.11	0	0	88	6	4967	0	0	1	23	0	124.5	1	0	1	19	2.84	8.12	0	1	17	1388	89	332	11849	0	0	10	1289	1	3	0	0	0	0	0	252	2	4	11820	0	142	1	13455.79	2289	12	2810	0	28
C8	cluster2	72.58	2485	4701.3	4.4	51	1	0	234.6	12.8	0	7761.95	0	150.5	98	10484.05	0	0	0	1	0	17451.93	23	35	19.2	3	2.21	630	64	5130	24873	0	0	1612	0	1568.01	41584	5416.43	0	0	133	3	1769	0	0	0	13	0	30.57	0	0	0	3	1.06	3.41	0	2	7	765	35	86	9518	0	0	4	465	0	1	0	0	0	0	0	386	0	1	10815	0	103	1	12647.03	1443	3	825	1	9
C80	cluster2	93.91	2859	7219.92	4.85	140	0	2	1213.75	27.15	0	4764	1	232.78	773	7322.35	0	0	0	1	0	13975.04	3	54	23.43	6	4.01	346.35	85	3263	16802	2	0	5019	0	587.53	9990	537.27	0	0	34	1	14677	0	0	0	14	0	85.46	0	0	0	21	1	3.93	0	2	102	679	70	250	17925	0	0	3	1339	0	0	0	0	0	0	0	102	2	18.08	14654.81	0	22	0	8805.03	1158	10	1801	0	3
C85	cluster2	56.35	2600	4367.63	8.69	196	18	0	444.22	20.16	0	4906	0	238.97	151	7551.82	0	0	0	1	0	9832.63	18	30	10.72	14	2	157.05	123	416	8871	1	1	3674	0	480	5723	722.2	0	0	105	13	5276	0	0	0	18	0	173	0	0	0	48	0	12.64	0	3	14	695	147	509	11427	0	0	5	4463	0	32	0	0	0	0	2	2215	19	6	6570	0	1581	0	8467.05	493	10	1874	0	12
C89	cluster2	56.99	4021	4288.66	1.88	120	6	5	356.79	26.35	0	12347.01	0	121.55	82	10231.63	0	0	0	0	0	14013.97	14	56	18.3	3	13.35	218.6	203	1263	1286	3	1	2218	0	1890.69	9979	4357.5	0	0	180	4	3907	1	0	3	9	1	51.3	0	0	0	12	4.61	9.96	0	2	3	626.69	117.58	327	5345	0	0	9.02	1131	0	3	1	0	0	0	0	102	0	5	6647.06	0	200.47	0	11489.8	2207	21	2618	0	29
C92	cluster2	79.16	4813	5414.91	2.61	118	5	0	479.29	35.07	0	7811.02	0	238.53	348	9539.28	0	0	0	2	0	17151.86	20	63	18.56	12	8.45	265.58	76	1148	5301	4.06	1	3769	0	1298.23	9335	1226.12	0	0	32	2	6864	0	0	0	17	7	99.07	0	0	0	17	0	10.8	0	0	18	1548.22	49.01	327	11098	0	0	6	1850	0	1	0	0	0	0	0	452	1	3.03	8775.02	0	64	1	14197.49	1396	19	1593	0	20
C96	cluster2	16.35	3459	2869.65	13.78	849	2	0	724.91	24.77	0	3149.12	0	253.72	100	4616.21	0	1	0	6	0	5101.94	1	46	30.64	28	8.97	135	165	108	636	0	0	727	0	90.03	1921	368.03	0	0	20	0	2228	0	0	0	37	0	414.01	0	0	0	60	0	50.29	0	0	19	1008	74.11	413	11179	0	0	6	15634	0	20	0	0	0	0	0	401	18	12	3423	0	573.99	5	4217.2	370	8	3555	0	34
C97	cluster2	38.9	1914	7267.77	11.35	135	8	0	469.73	19.07	0	8131.03	0	156.6	203	6536.24	0	0	1	0	0	13325.04	8	6	17.7	6	11.11	137.74	50	20013	36993	0	2	1428	0	2037.8	79374	1256.91	0	0	419	7	5184	0	0	0	16	1	76.15	0	0	1	10	0	18.55	0	0	41	327.27	32	354	13341	0	0	0	1688	0	0	0	0	0	0	0	47	0	3.33	12609	0	24	2	5499.89	1161	3	1712	0	28
C99	cluster2	40.76	2146	7402.07	7.73	126	3	1	538.59	15.7	0	9938.8	0	166.05	114	8730.03	0	0	0	3	0	12980.68	10	34	10.49	3	6.07	290	80	5395	25577	1	1	3317	0	970.99	72905	1242.08	0	0	151	11	5217	0	0	1	16	0	101.23	0	1	0	22	1.01	26.01	0	0	35	471	35.25	290	10920	0	0	0	3096	0	2	0	0	0	0	0	53	1	2	18696	0	16	1	8694.13	694	0	1847	0	12
