symbol	cluster	HLA-A	HLA-B	HLA-C	HLA-DMA	HLA-DMB	HLA-DOA	HLA-DOB	HLA-DPA1	HLA-DPB1	HLA-DQA1	HLA-DQA2	HLA-DQB1	HLA-DQB2	HLA-DRA	HLA-DRB1	HLA-DRB5	HLA-E	HLA-F	HLA-G
C1	cluster1	130813.02	247615.35	146027.21	3025	3468	90.49	49	10302	5628.87	221.04	196.96	863.44	10.56	31764	18659.51	443.14	139290.19	11036.34	130.51
C10	cluster1	101546.37	211422.28	136418.61	1643	1704	212.1	479	3551.15	3112.78	400.62	414.38	577.1	5.02	11453	6622.2	263.94	184501.35	13489.65	471.45
C100	cluster1	184976.69	253369.18	129762.2	4300	2878	156.29	333	8764	7420.14	1003.07	6.93	1545.23	2.77	23720	18081.09	1613.86	158296.48	7997.84	81.88
C101	cluster1	85665.69	225998.43	100685.4	5794	4962	1988	1298	16008	13565.49	3451.12	61.88	7924.47	25.28	48114	24686.28	1314.24	114648.05	6123.97	118.94
C11	cluster1	63683.07	96995.29	54251.99	2009	2278	1027.26	678	7275	5638.25	2701.86	1040.14	3736.31	2.69	28222	11198.47	398.84	83588.03	4507.6	60.85
C13	cluster1	95094.06	174054.35	62032.17	2363	2839	517.42	427	7714	4807.31	642.02	71.98	1108.14	14.86	33171	10534.56	866.02	113601.02	4795.3	81.45
C16	cluster1	83582.85	153278.43	62827.56	4004	4346	543.52	361	14003.63	9785.52	3247.92	1413.08	6480.64	5.36	47216	19324.13	395.23	102339.97	5308.29	64.89
C17	cluster1	54888.03	140695.24	69587	2025	2737	439.96	155	9079	6504.71	1078.69	1207.31	1571.22	10.78	25532	13506.37	114.88	98404.99	7891.09	127.73
C18	cluster1	81481.32	191880.59	85456.93	3149	3180	588.94	394	10018	8609.91	1520.78	1986.22	2089.92	17.14	31458	17366.52	121.56	121759.28	8547.14	249.71
C19	cluster1	49740.4	139483.25	56720.2	3263	3994	639.79	454	10199	6892.16	2396.81	112.19	1885.39	19.65	45062	14539.01	6018.36	93625.51	3841.5	18.11
C25	cluster1	86743.89	168672.29	81390.84	2436	2467	470.32	276	8706	6308.86	2247.2	117.8	3275	10.9	28167	14146.8	654.26	120701.99	7331.2	121.65
C30	cluster1	55172.69	146111.76	63457.27	1404	1394	564.39	416	3834	3543	1407	0	3265	0	16761	6204.18	4949.61	91505.64	2709.12	42.48
C33	cluster1	100058.27	192077.6	144329.46	2051	2049	273.02	207	3877	2308.13	968.77	467.23	2108.18	0.82	14739	9055.73	3496.43	146275.17	9327.97	238.33
C34	cluster1	73047.88	160550.24	86012.91	2108	2380	330.88	256	5123.13	4121.25	1408.7	96.3	2412.64	12.36	22982	9057.91	3341.41	86866.58	5078.16	31.18
C35	cluster1	172018.31	411677.79	182267.68	1684	1673	320.2	288	3717	2607.15	980.68	35.32	3297.68	5.32	15951	6096.98	199.58	229929.05	11463.42	187.86
C4	cluster1	59261.79	123115.71	49181.28	3021	3665	895.16	703	9517	8275.92	1401.05	854.95	1994.05	12.95	41849	18531.07	82.74	93293.98	6066.81	125.48
C51	cluster1	141638.98	275923.32	97739.24	4498	4636	344.13	300	12280	8974.78	1303.09	14.91	5329.81	9.21	38291	24192.94	9860.13	182870.42	7945.46	77.46
C53	cluster1	69131.13	111779.42	59216.27	1510	1649	414.71	843	5027	3624	950.45	861.55	869.52	14.48	17670	8071.98	215.04	83318.18	2096.95	17.27
C57	cluster1	86694.18	178593.07	91684.34	2652	3201	1068.2	492	10043	8002.76	1874.02	63.98	3151.42	31.58	31589	15278.12	518.7	139252.19	9763.75	85.53
C59	cluster1	62398.92	136132.93	70690.73	2272	2605	1020.21	1002	7871.03	5103.12	2103.22	256.78	2954.02	3.98	31036	8970.61	617.19	92717.34	5890.32	22.57
C6	cluster1	82343.01	179679.91	106399.29	2542	2417	499.96	338	7227.93	6088.63	2697.5	56.5	2727.83	8.08	25769	10136.33	4839.17	117504.1	7980.23	110.99
C60	cluster1	95081.26	160018.06	74337.03	3527	3589	675.78	185	11229	10924.15	4228.98	1817.02	8131	0	39502	19578.97	1434.69	104154.82	7546.82	28.24
C61	cluster1	73788.07	169663.7	108760	2464	2638	554.45	496	7454	5488	1348.84	1249.16	2320.74	12.14	32771	12436.48	903.89	116864.4	3547.17	16.13
C62	cluster1	118569.58	200854.05	139317.95	1897	2118	198.98	220	4606	3161.42	1103.96	22.04	3469.4	4.6	13976	9266.37	469.31	144658.25	9313.43	217.52
C63	cluster1	85226.4	211636.73	145880.66	1533	1532	1141.77	817	4115.45	2768.64	1480.45	33.55	2007.49	11.51	16510	7541.97	2735	126178.19	4599.27	52.7
C65	cluster1	136668.28	237062.64	137062.21	1659	1445	315.32	301	4755	3019.04	618.21	10.79	1046.38	0.62	14643	6946.24	286.55	164665.4	7363.92	139.42
C66	cluster1	155859.02	290472.95	175930.58	4117	3051	485.33	735	11997	9783.22	1636.62	1775.38	2451.92	11.08	24667	30527.52	1589.54	154350.13	11519.3	427.3
C67	cluster1	159728.49	268583.2	128501.64	1376	839	194.03	207	4012	3674.13	611.82	766.18	746.04	2.96	6893	6848.88	96.62	180153.41	9619.45	113.65
C69	cluster1	69051.53	144214.72	65555.01	3009	3350	479.18	283	9939	5369.66	1008.94	1057.06	1683	0	30899	17553.86	22.6	87149.84	5665.34	42.37
C7	cluster1	83334.48	121169.93	67504.52	1809	2233	704.77	564	5508	4849.23	1808.42	221.58	3368.97	10.03	19850	9356.01	3460.84	95105.28	5616.46	8.09
C70	cluster1	102595.03	216980.43	112316.07	4108	3910	264.82	283	15668	10064.2	2304.5	185.5	2113.6	27.4	46797	24298.87	9847.71	123224.82	7168.06	47.66
C72	cluster1	148596.79	274952.78	134786.85	5059	5168	602.81	634	16617.14	15453.17	1785.26	22.74	8324.13	24.87	34752	35466.07	10764.48	142233.29	13370.64	345.2
C73	cluster1	74020.32	123568.88	70646.87	2535	3273	385	313	13530	6722.35	1429.32	15.68	3963	0	35574	21287.38	7825.47	85371.68	6085.95	7.03
C74	cluster1	79224.26	155535.02	103336.88	1620	1954	535	413	5017.26	3186.3	876.26	777.74	1841.01	6.99	17019	8585.7	3690.37	107387.98	4878.35	130.45
C79	cluster1	71985.53	142289.96	63680.77	2198	2787	1127.26	780	5924	4911.94	1062.22	611.78	1767.61	12.39	26330	12863.91	149.1	117844.82	5489.62	136.14
C82	cluster1	64257.17	97716.94	66713.09	2015	2246	363.15	109	6148	4373.31	2084.57	41.43	2931.26	6.74	26371	11397.48	5537.44	72123.62	5564.76	55.51
C83	cluster1	135219.46	177433.83	51076.04	2456	2684	100.8	178	6976.03	4875.83	1807.27	1182.73	1516.49	16.7	20533	16212.01	5451.03	122455.88	9271.67	197.13
C84	cluster1	111477.11	268941.23	156262.68	1686	1631	86.01	234	3809	2817	194.01	147.99	498	0	13246	5409.3	237.91	133330.3	8147.77	81.34
C86	cluster1	96757.97	175485.3	65276.55	3119	3406	473.41	408	7326	4597.87	1915.19	454.81	4899	0	27113	16999.23	166.11	99597.65	7322.37	179.74
C87	cluster1	81883.07	132319.14	82257.61	4372	3764	721.08	485	13455.13	10473.41	2828.65	211.35	3475.19	11.81	46300	15403.26	1475	91548.48	7817.86	61.3
C9	cluster1	56918.01	165567.17	95606.74	603	646	176.02	169	1969.37	1182.63	269.93	269.07	669	0	5467	2113.54	0	110938.41	7736.78	115.86
C90	cluster1	115124.46	176469.64	84978.43	1799	2546	346.19	481	5683	4890.82	1581.34	1979.66	1623.73	13.34	18037	9432.82	78.92	136465.34	9685.41	174.74
C91	cluster1	117137.32	196385.03	103821.17	2581	2312	756.83	433	7062	6912.65	2734.79	37.21	6946	1	21659	11361.18	3936	125846.57	10582.79	159.71
C93	cluster1	93948.59	221420.89	121894.39	1714	1282	506.2	471	4546.05	3350.95	784.3	271.7	1636.79	0.21	12025	8371.22	214.46	137030.24	10011.84	78.13
C94	cluster1	148577.9	327690.65	157975.41	2733	2204	563.59	505	9678	10486.82	2017.85	1505.15	2778.91	13.09	16538	17052.68	891.23	165552.68	17580.04	281.57
C95	cluster1	64825.16	162241.82	104884.3	1056	1129	335.12	272	2411	1474.21	686.65	22.35	2098	0	9679	5461.56	117.88	116845.55	5827.07	78.02
C98	cluster1	153851.03	305532.42	160912.27	1864	1541	143	157	3753	4398.05	586.63	384.37	3672.33	2.67	8627	9013.89	2895.33	149748.79	11914.65	248.06
C102	cluster2	77122.66	167232.8	106841	492	348	265.38	223	1869.08	1972.92	401.14	348.86	401.92	4.08	4347	3223.71	32	138627.77	7331.33	67.34
C103	cluster2	168804.42	348106.95	223300.96	1005	654	55.22	185	1765	1196.04	147.93	2.07	509	0	5552	3067.32	20.74	255458.71	12859.17	187.04
C12	cluster2	93925.98	196900.65	142106.76	819	1055	283.02	158	2515	2245	231.75	280.25	492	4	11017	4642.52	2123.39	143747.15	6377.25	230.41
C14	cluster2	95308.81	171291.13	126669.06	481	444	357.21	333	1310	1202.16	431.89	75.11	349.63	8.37	6570	2030.08	79.38	152263.46	7179.5	95.44
C15	cluster2	48309.87	118158.87	73673.86	363	360	273.24	199	1058.18	937.82	556.15	6.85	603.75	0.13	4810	1827.22	660.58	107144.35	3931.29	76.72
C2	cluster2	49201.31	113738.91	48751.26	1733	1926	258.07	172	4751.3	4001.65	719.36	13.64	1570.16	7.82	18626	8148.44	3417.63	83693	5279.12	136.4
C20	cluster2	56808.48	218531.9	121396.34	609	761	168	187	1995	1484.24	542.9	11.1	1117	1	8210	2236.34	1094.23	153648.2	7651.73	70.25
C21	cluster2	106975.21	197602.89	116542.52	543	647	85.51	66	1187	882.21	270.41	173.59	221.9	3.1	6008	2187.91	856.07	165059.47	6894.67	123.22
C22	cluster2	80182.93	130573.42	63809.69	465	430	91	74	699.76	417.24	93.38	13.62	103	0	5492	1005.25	1.52	121846.89	1629.47	62.51
C23	cluster2	43477.84	108240.03	56787.99	912	917	136.11	126	1535.07	1085.03	104.75	10.25	193.86	2.14	7712	2402.08	187.9	106202.67	3393.92	80.35
C24	cluster2	67853.47	168178.52	92452.72	757	574	128.1	122	1591	1145	400	0	1365.93	0	7007	2734.81	178.7	138663.14	3525.07	13.63
C26	cluster2	89761.07	204535.74	88144.74	1133	1285	288.44	525	2337	2107.27	691.72	301.28	1929.29	1.71	9065	4024.77	33.65	157509.24	6806.4	163.88
C27	cluster2	92041.69	210102.13	91113.94	803	596	141.56	447	1620	1384	300.06	296.94	376.12	0.88	5722	2948.28	969.39	162137.12	5716.01	93.46
C28	cluster2	96705.03	223100.1	153443.45	642	665	75	151	1531	1122	267.79	10.21	277.86	4.14	6229	2976.86	1099.09	182203.74	7397.06	103.51
C29	cluster2	90233.41	225353.44	186223.58	691	935	92.4	85	859	601	209	0	938	0	5344	2905.63	1714.85	133861.55	8435.54	163.46
C3	cluster2	157385.91	320498.8	207450.86	1701	1905	102	237	7239	4446	1217.6	1492.4	1292.11	13.89	18866	14001.7	146.16	207004.61	10464.19	91.51
C31	cluster2	70282.99	153107.67	66923.56	830	864	233	289	2140.14	1542.99	571.59	270.41	1142.87	3.13	10401	2995.03	54.67	120162.6	6490.67	78.47
C32	cluster2	78658.47	138966.88	63712.34	1111	589	76.41	59	1790	1518.15	173.32	194.68	344.09	1.91	8946	4787.37	39.94	140714.49	4508.23	102.48
C36	cluster2	90930.67	185127.27	82168.36	743	645	96	123	1533	1091.52	277.55	16.45	1024.9	3.1	6080	2809.68	73.89	101854.04	4149.64	100.13
C37	cluster2	21364.69	68308.9	39903.14	560	750	135.04	112	1819	1319.52	225.85	200.15	634.25	3.75	6782	2727.18	71.38	61347.98	2438.32	63.01
C38	cluster2	95583.91	160272.2	98078.22	659	668	83.35	122	1195	1142.46	122.15	7.85	316.72	4.28	6765	2117.88	149.58	139429.9	6504.95	48.74
C39	cluster2	89708.59	206091.08	136878.62	1015	1192	140.37	164	1740	1258.27	339.76	57.24	2143.57	2.43	9733	2878.51	92.02	122151.07	8737.39	131.49
C40	cluster2	70096.17	172946.29	123179.49	462	436	55.17	364	1066	713.19	269.41	142.59	588.09	0.91	4658	2176.83	777.35	131655.96	5582.93	154.22
C41	cluster2	92929.15	201002.55	151180.14	457	552	120	122	810	521	373.03	3.97	512	1	3024	2056.25	626.14	172400.81	9625.84	177.59
C42	cluster2	73019.13	181493.8	124795.16	1117	1173	444.01	455	2712.13	2052.01	1052.84	0.16	1451.86	1.14	11385	4793.69	233.54	133877.61	5023.53	44.44
C43	cluster2	68466.38	188315.64	113101.45	229	309	69.27	93	485	454.05	262.88	3.12	742	0	1793	1209.29	45.46	147651.01	5301.68	94.42
C44	cluster2	70810.16	105233.37	65577.94	1096	1191	417.3	269	2531	2036	579.02	406.98	521.93	4.07	12710	3691.6	166.99	96559.92	3192.12	56.47
C45	cluster2	69646.13	195042.15	95432.69	487	538	197.66	155	1161.07	1070.93	437.12	32.88	826.05	4.95	5965	2263.08	663.16	142058.8	3035.9	53.24
C46	cluster2	98040.17	190165.28	71835.11	2572	2522	501.76	312	6487	6057.34	1514.19	47.81	4388.51	6.49	22093	15485.37	276.89	101177.13	4501.34	165.97
C47	cluster2	66290.74	136752.59	107863.43	820	832	160.13	215	1835.13	1143.06	666.33	220.67	913	0	6919	3174.46	25.17	118855.32	2151.61	26.33
C48	cluster2	114935.62	203979.01	100511.81	1018	534	149.02	216	1439	1513.79	277.68	317.32	474.79	2.21	4420	5390.66	28.93	148925.01	7223.36	144.01
C49	cluster2	153831.97	298104.19	221122.79	2961	1725	192.11	535	8678	8158.03	1643.26	740.74	3918.62	5.38	11156	23055.85	7440.76	172585.77	11721.71	543
C5	cluster2	112235.19	150620.73	109647.6	1164	1563	251.97	221	3533	2041.94	413.63	317.37	545.64	7.36	15152	4767.51	1897.08	127823.74	6562.71	170.89
C50	cluster2	27062.77	69346.27	31074.86	796	1119	62	56	1681	1615	411.87	345.13	1511.15	5.85	9850	3848.07	1069.73	35375.97	1778.25	25.88
C52	cluster2	68786.74	146128.36	81011.33	581	482	16	56	962	773	119.15	65.85	200	0	3462	3786.63	200.16	86925.1	2567.09	14.74
C55	cluster2	81155.98	202577.27	121478.39	833	873	170.02	395	1443	1228.1	168.17	16.83	304.03	1.97	8047	3165.12	95.16	145847.73	5403.56	65.76
C56	cluster2	100364.73	192425.12	102694.22	1508	1241	138.71	220	3642.03	2293.12	886.52	272.48	1964.97	1.03	14341	8379.84	543.16	126452.6	5717.89	138.27
C58	cluster2	122150.95	259859.63	128032.09	4847	2439	453	456	8689.7	11982.82	1390.84	54.16	4015.91	35.87	10749	27438.81	7555.81	136314.56	9560.12	36.14
C64	cluster2	83084.61	188966.4	134774.57	1129	1289	209.5	219	2480	1966.11	493.68	25.32	1198.19	4.81	12339	6102.15	208.31	153351.88	6390.09	135.1
C68	cluster2	145113.36	264777.24	217521.77	2175	1079	268.79	196	4665	5767.2	1160.37	18.63	4924	0	7394	13950.65	4144.28	142861.58	10136.96	293.99
C71	cluster2	91657.74	233711.69	176369.4	665	560	229.6	227	1832	1602.45	642.88	7.12	2274	0	7317	2983.32	1193.37	148445.59	6996.74	120.87
C75	cluster2	72888.46	154841.07	110517.16	1283	1221	162	148	3457.04	2017.09	542.5	40.5	1125.08	3.92	13846	6730.58	2745.81	115162.76	4391.36	57.85
C76	cluster2	29786.34	65727.5	33190.03	435	375	51.02	61	742	494.53	93.04	2.96	74.03	0.97	4110	1331.16	19.8	68170.14	1937.04	77.88
C77	cluster2	111925.84	326116.69	138830.86	2004	2199	64.94	136	3308	2367.05	448.28	100.72	3466.35	1.65	17178	8281.73	73.2	201297.85	9823.96	46.73
C78	cluster2	54038.28	111501.15	58923.15	2373	2496	265.85	359	6335	3719.12	765.61	11.39	1638.79	10.21	23784	7953.16	258.33	83088.96	1386.5	37.64
C8	cluster2	60184.14	120244.29	60687.07	588	701	78	150	1203	757	174.55	167.45	287.47	0.53	7798	2317.04	54.37	91954.52	2846.6	15.87
C80	cluster2	197753.42	312585.1	216427.03	1182	674	91.57	167	2097	1540.02	383	0	2245.02	0.98	5841	5873.81	3382.12	207836.08	10203.66	16.36
C85	cluster2	95980.5	242845.4	92435.16	2016	1825	198.25	228	4183	3876.17	387.47	257.53	1179.52	2.48	15934	11644.05	82.93	118764.43	5762.66	83.54
C89	cluster2	75430.51	130342.18	58750.93	1189	1682	207	226	3339	2153.34	1272.7	7.3	2471.66	2.34	14761	4726.46	264.69	114176.81	4387.6	46.89
C92	cluster2	107905.58	179301.55	99378.18	1000	1216	229.79	256	2724.59	1981.58	563.13	114.87	1799	0	9642	5936.17	2014.9	158226.1	8414.39	121.67
C96	cluster2	139337.86	316203.2	125230.14	4103	3360	570.85	510	7437	11728.93	369.87	45.13	2913.2	16.8	13934	23135.1	402.78	122997.49	7497.14	38.66
C97	cluster2	144432.73	316983.99	219244.03	477	336	158.1	242	1107	1020	378.27	109.73	1061	0	2242	2150.82	39.98	208016.02	12260.79	282.45
C99	cluster2	127941.37	317070.79	214610.53	1196	1153	148.28	294	1565.04	2222.88	298.94	105.06	1197.18	2.82	5562	4870.48	9.46	217916.19	10563.77	107.32
